0.0133239
0.0136297
0.0305891
0.0362618
0.0365272
0.0354711
0.0339128
0.0353566
0.0339941
0.0343305
0.0329648
0.033293
0.033054
0.0329262
0.030287
0.0137438
0.0136298
0.0133855
0.0135833
0.0311899
0.0338975
0.0331465
0.0324534
0.0344004
0.0337971
0.0348368
0.0340414
0.0353184
0.0352009
0.0353375
0.0344381
0.0327875
0.030847
0.0136176
0.0133406
0.0138422
0.0325098
0.0346429
0.0344119
0.0364791
0.0353835
0.0359515
0.0345653
0.0354186
0.0352679
0.0351172
0.0345104
0.0355246
0.035428
0.0297754
0.0135628
0.0137808
0.0137445
0.0293425
0.031061
0.0328787
0.0326222
0.0340763
0.0336198
0.0357575
0.0366021
0.0377592
0.0370913
0.0390196
0.0348526
0.0316331
0.0296373
0.0138009
0.0137493
0.0137569
0.028295
0.0322909
0.0320644
0.0334703
0.0327885
0.0343328
0.0350344
0.0359366
0.0356008
0.0374617
0.0338353
0.0293437
0.0305166
0.030542
0.0138372
0.013564
0.0136202
0.0317812
0.0344738
0.0361942
0.035294
0.0359707
0.0358146
0.0357882
0.034476
0.035902
0.0344421
0.0293246
0.0310239
0.0328896
0.030021
0.0137174
0.0134524
0.0137762
0.0313054
0.0355282
0.0350969
0.0363158
0.0362846
0.0363448
0.0351269
0.0363477
0.0329078
0.0338476
0.0338889
0.0366268
0.0352301
0.0309982
0.0136026
0.01368
0.0138076
0.0300667
0.0314693
0.0327882
0.0334342
0.0341804
0.0340346
0.0363905
0.0316416
0.0327125
0.0330172
0.0359767
0.0353943
0.0335514
0.0300194
0.0137945
0.0137265
0.0138344
0.0280997
0.0316809
0.0324089
0.0332485
0.0328304
0.0350111
0.0332667
0.0320175
0.0323917
0.0350772
0.0342205
0.0330264
0.031805
0.0304723
0.0138595
0.0136567
0.0138641
0.0306821
0.0342266
0.0352314
0.0349417
0.0365473
0.0332096
0.0320873
0.032376
0.0345753
0.0338492
0.0326806
0.031663
0.032393
0.0285851
0.0138058
0.0137396
0.0138064
0.0310187
0.0346248
0.0348304
0.036591
0.0311065
0.0329398
0.0324012
0.0351411
0.0351154
0.034471
0.0333749
0.0349505
0.033016
0.0309596
0.0138336
0.013703
0.0138138
0.0308012
0.0330699
0.0347995
0.0320723
0.0329832
0.0325312
0.0350247
0.0346692
0.0334251
0.0325245
0.0339809
0.03274
0.0331651
0.0295935
0.013817
0.0137449
0.0138088
0.0305393
0.0351155
0.0349739
0.035205
0.0356919
0.0377711
0.0365225
0.0343894
0.0327526
0.0339339
0.0323134
0.0329734
0.0315685
0.0303111
0.0137765
0.0137134
0.0138775
0.0342256
0.0285757
0.0320232
0.0318601
0.0345855
0.0342792
0.0337594
0.0335902
0.0360794
0.035889
0.0370913
0.0358641
0.0358687
0.0322522
0.0138293
0.0138191
0.0137388
0.0136253
0.0291049
0.0315669
0.0341707
0.0340097
0.0332805
0.0326541
0.0350979
0.0348232
0.03637
0.0353742
0.0361441
0.0353643
0.0323188
0.0138779
0.0136575
