0.0130199
0.103519
0.026578
0.20586
0.18203
0.205138
0.251726
0.170245
0.224603
0.029036
0.191022
0.182776
0.0218169
0.202989
0.186412
0.132063
0.0137281
0.0948785
0.0136509
0.222128
0.214965
0.232006
0.266815
0.19567
0.251583
0.0341106
0.217125
0.202283
0.0234071
0.222433
0.211211
0.21494
0.0281073
0.106272
0.0129929
0.10651
0.210367
0.230175
0.248447
0.203074
0.245322
0.032107
0.229439
0.221877
0.02718
0.241162
0.236629
0.261461
0.027629
0.204588
0.0149721
0.095372
0.107268
0.217112
0.218111
0.229321
0.206272
0.022583
0.209103
0.263958
0.0342588
0.270455
0.205024
0.217001
0.0269552
0.194733
0.0242039
0.109107
0.107315
0.141334
0.192411
0.183981
0.180077
0.0200094
0.172352
0.224763
0.0383457
0.282634
0.199858
0.209458
0.0402961
0.325778
0.0379228
0.295601
0.496879
0.131094
0.733348
0.256091
0.280496
0.0344845
0.257835
0.273912
0.0352709
0.317358
0.303149
0.337369
0.0271572
0.173624
0.0222213
0.187568
0.19239
0.135657
0.111193
0.110104
0.206856
0.028682
0.196375
0.177527
0.0216339
0.199506
0.226426
0.201824
0.0251847
0.207914
0.0238294
0.204041
0.249461
0.210437
0.107034
0.12003
0.176622
0.0256337
0.209329
0.205949
0.0255969
0.216366
0.205115
0.219111
0.0341895
0.575185
0.0771446
0.732882
0.913915
0.771409
0.508398
0.229847
0.124453
0.0743767
0.239166
0.224536
0.0284032
0.225403
0.266237
0.32459
0.0220584
0.306152
0.0363432
0.373636
0.749604
0.501396
0.419187
0.397787
0.458467
0.0133969
0.476312
0.184938
0.0225256
0.176642
0.190413
0.207313
0.0246585
0.219348
0.0270875
0.22774
0.255183
0.252581
0.237555
0.274927
0.218004
0.0323532
0.102983
0.395175
0.0235364
0.204052
0.211677
0.212592
0.103778
0.336868
0.0402979
0.256618
0.206938
0.202855
0.180415
0.187484
0.178209
0.0228987
0.370245
0.117783
0.0429758
0.360814
0.477657
0.505107
0.0293045
0.22707
0.0281304
0.209572
0.208708
0.189724
0.192971
0.212478
0.188116
0.0220934
0.182392
0.153342
0.012866
0.105226
0.207916
0.229735
0.0288941
0.248839
0.0292653
0.229077
0.223552
0.211661
0.189889
0.217285
0.177673
0.0219949
0.190098
0.192029
0.0140067
0.121982
0.327401
0.220764
0.0236257
0.205959
0.0269658
0.202412
0.184768
0.206238
0.230388
0.20189
0.224758
0.0268818
0.231789
0.240808
0.0259292
0.24054
0.135145
0.106062
0.0158877
0.195622
0.0247313
0.196919
0.199518
0.19671
0.192046
0.241993
0.207151
0.0246353
0.22368
0.254915
0.0303493
0.223444
0.10512
0.118501
