0.988498
1.90245
1.09003
1.0394
1.00586
0.886485
1.34747
1.87314
2.05373
3.79193
6.92387
3.54887
8.89732
2.44503
8.34732
3.76207
2.08391
0.70644
1.57969
1.56849
1.48527
1.24175
1.58035
1.61946
1.52462
2.07924
2.6813
3.46194
3.82225
1.4806
3.86594
3.63413
1.19492
1.50541
0.838679
2.5206
3.39359
3.65059
3.13184
2.64806
1.92044
1.79058
1.72672
1.12005
3.09645
2.12347
1.44758
1.25124
9.85624
6.46135
3.58156
0.92568
1.93831
1.30809
1.35102
1.22841
1.42329
1.78597
2.03283
4.15849
1.95314
0.813729
3.02175
5.33839
2.82934
2.73363
4.23997
2.04804
0.59332
1.40121
1.47466
1.10796
1.44547
1.15783
1.52873
1.3569
1.64379
0.682747
2.44796
3.27755
0.601649
0.684409
1.0564
0.922351
1.2276
0.751583
3.20063
9.30441
4.07799
3.48941
9.54773
5.43183
1.70458
1.1762
1.58934
1.03215
1.45645
1.68921
2.35926
2.05965
2.46928
2.08969
1.27953
1.86818
1.76682
1.37777
1.28906
1.21996
0.868398
1.03678
1.23707
1.38108
1.93351
2.41792
5.3005
3.41756
3.64796
3.508
3.38905
1.55992
2.81169
2.28641
1.91603
1.49258
2.12172
6.87078
1.58523
1.82362
1.32838
1.89596
2.44796
2.22164
2.28045
2.6295
3.05575
2.38749
1.3091
2.15644
2.40932
1.63821
2.95273
4.26988
1.44528
1.37751
1.20532
1.68372
2.41689
2.18952
2.84893
2.71016
3.16465
3.34123
2.37702
1.24419
2.03496
1.70735
4.78443
2.3769
1.22246
1.20707
0.879713
0.981588
1.09207
0.878869
1.04145
1.00033
1.13919
1.20368
1.51808
1.15077
0.765141
1.15106
1.62458
0.700516
0.995924
0.958374
0.969425
1.04055
0.872997
0.801787
0.772787
0.723438
0.782826
0.774087
0.937628
1.04522
1.14012
0.783154
3.30337
1.64083
1.1887
1.13521
1.05292
1.22246
1.39668
9.64257
6.57514
2.13521
1.08133
0.819387
0.889238
1.02177
1.70267
3.34558
2.19248
4.19158
2.14728
1.33606
0.636014
0.680505
0.658464
1.10589
0.453298
2.25526
0.567699
0.509053
0.675262
0.801521
1.02177
1.66397
0.237964
0.19328
1.37001
1.0921
1.66168
2.07477
1.32873
1.25368
1.12955
1.16933
1.15336
1.00518
1.20896
1.12614
1.34815
1.35835
14.215
10.5494
0.464711
1.3054
1.704
1.5965
1.15245
1.06985
1.07251
0.987605
1.20532
1.31503
1.3672
1.57198
2.31758
1.88741
19.7125
2.71563
1.9754
1.22553
