-2.80045
0.344386
2.86849
2.8217
2.77975
2.72907
2.69405
2.64822
2.64624
2.69491
2.74273
2.7831
2.83565
2.88162
2.92312
0.240585
0.297505
-2.78892
0.31106
2.88621
2.84207
2.79303
2.75594
2.7074
2.66752
2.63672
2.66741
2.71094
2.76658
2.81426
2.8558
2.89941
2.87052
0.330033
-2.79693
0.267401
2.91792
2.86834
2.83221
2.78204
2.74396
2.68772
2.63316
2.63183
2.69801
2.74409
2.78643
2.82874
2.87631
2.92531
0.252753
-2.79421
0.338971
2.86223
2.82318
2.77496
2.7366
2.69408
2.65989
2.65027
2.70315
2.74638
2.79047
2.83521
2.77483
2.82262
2.8711
0.349252
-2.80026
0.254829
2.92354
2.87452
2.83749
2.79265
2.75564
2.70236
2.69721
2.65703
2.68632
2.73268
2.76325
2.81257
2.85884
2.89552
0.278579
-2.79863
0.301249
2.88882
2.84999
2.80674
2.77258
2.72582
2.71319
2.66735
2.67535
2.72299
2.72883
2.77837
2.8255
2.85913
2.91377
0.286377
-2.79752
0.316151
2.88481
2.84081
2.80921
2.77036
2.71467
2.66723
2.63834
2.67922
2.66118
2.7097
2.75524
2.79027
2.84454
2.87585
0.321375
-2.79868
0.274221
2.91295
2.87901
2.83894
2.79599
2.75625
2.69987
2.6472
2.64923
2.67417
2.72347
2.75685
2.8125
2.84347
2.88697
0.309013
-2.80577
0.275895
2.91502
2.87599
2.8297
2.79032
2.74441
2.68642
2.69
2.65166
2.67891
2.71873
2.77287
2.80533
2.849
2.8954
0.302956
-2.80832
0.26589
2.91555
2.87066
2.83286
2.78697
2.73534
2.6887
2.64871
2.63859
2.70075
2.76776
2.80283
2.85047
2.89393
2.93534
0.239305
-2.80625
0.337733
2.86422
2.8248
2.77972
2.72734
2.73525
2.69364
2.63764
2.64743
2.7109
2.74291
2.79286
2.83647
2.87974
2.91523
0.265935
-2.79577
0.331669
2.87516
2.82694
2.77566
2.82792
2.78816
2.74105
2.68856
2.71792
2.70327
2.69855
2.75469
2.79428
2.83107
2.86758
0.342451
-2.79519
0.250025
2.91761
2.86621
2.83721
2.79909
2.755
2.70972
2.66124
2.65619
2.67247
2.74276
2.78297
2.82163
2.85752
2.89883
0.282787
-2.80188
0.307467
2.8755
2.87899
2.83876
2.79524
2.74866
2.7013
2.65698
2.63245
2.69009
2.74066
2.77944
2.81557
2.8558
2.90579
0.267195
-2.794
0.332887
0.238652
2.93396
2.88684
2.8426
2.79847
2.74869
2.69729
2.64536
2.65558
2.69073
2.72574
2.76628
2.81646
2.86221
0.347884
-2.79763
