11	
11	
11	
14	
11	
-410	
10	
10	
-16	
11	
8	
8	
8	
12	
13	
-410	
9	
8	
89	
10	
10	
10	
10	
18	
13	
-266	
15	
14	
11	
7	
9	
9	
9	
12	
13	
-410	
9	
8	
89	
12	
10	
9	
10	
11	
10	
-380	
5	
3	
79	
3	
9	
9	
9	
8	
13	
-410	
6	
5	
-33	
20	
6	
6	
6	
9	
7	
-410	
6	
6	
-7	
4	
12	
12	
12	
6	
14	
-410	
3	
3	
-52	
17	
12	
12	
12	
10	
16	
-410	
8	
8	
53	
13	
8	
7	
8	
13	
15	
-410	
11	
11	
149	
-9	
6	
6	
7	
9	
14	
-410	
7	
7	
42	
-3	
7	
7	
7	
-410	
13	
-410	
-410	
-410	
-310	
6	
14	
14	
14	
12	
10	
-410	
11	
10	
15	
21	
7	
6	
7	
10	
17	
-410	
9	
9	
59	
4	
18	
17	
18	
16	
16	
-410	
14	
25	
-7	
32	
10	
10	
10	
17	
11	
-160	
15	
15	
51	
12	
