0.0514034
0.0216656
0.0842283
0.0817773
0.0758782
0.0826555
0.0856274
0.0830745
0.0857142
0.0849264
0.0854921
0.0920121
0.0856338
0.0842854
0.0819363
0.0236676
0.0235584
0.0525618
0.0245967
0.0840202
0.0826977
0.0776946
0.0882196
0.0854135
0.0858933
0.0823849
0.0825537
0.0878513
0.089592
0.0805925
0.0789138
0.0818338
0.0839008
0.0220074
0.0510795
0.0235013
0.0819369
0.0807862
0.0801502
0.0843806
0.085556
0.0833422
0.0832425
0.0886838
0.0900862
0.0875836
0.0806165
0.0825794
0.0833775
0.0749252
0.0242125
0.0514659
0.0237509
0.0814144
0.0845225
0.0791435
0.0866344
0.0835114
0.0838644
0.0883943
0.0893162
0.0864128
0.0836527
0.0818064
0.0832679
0.0746279
0.0859698
0.0239951
0.0516143
0.0231508
0.0849134
0.083328
0.0787864
0.0835207
0.0838566
0.0887482
0.0894576
0.0864776
0.0833493
0.0898767
0.0874892
0.0751564
0.0862426
0.0840607
0.0234996
0.0518917
0.0238094
0.0828823
0.0834342
0.0767488
0.083435
0.088476
0.0894049
0.0866406
0.083219
0.0889654
0.0858893
0.133219
0.0848089
0.0829511
0.0822628
0.0230025
0.0510698
0.0242328
0.0849543
0.08164
0.0775474
0.0899361
0.0910101
0.087513
0.0833481
0.0880673
0.0838448
0.124693
0.083764
0.0776732
0.0769994
0.076172
0.0240347
0.0502631
0.0280607
0.102605
0.102469
0.10135
0.114332
0.110058
0.101011
0.0945058
0.0939298
0.16181
0.111877
0.111582
0.105572
0.104202
0.108482
0.0278649
0.0502284
0.0224483
0.0746513
0.078583
0.07449
0.0805532
0.0776782
0.0854138
0.0898949
0.133939
0.0874071
0.0854451
0.0868317
0.0802153
0.0833895
0.0823001
0.0237303
0.051844
0.023376
0.0888558
0.087762
0.0828089
0.0870075
0.0929462
0.0854619
0.131787
0.0900428
0.0893021
0.0903364
0.0896474
0.0884417
0.0872594
0.0880121
0.0235999
0.0519079
0.0238124
0.0826692
0.0813029
0.0751737
0.0879976
0.0873576
0.134919
0.0893897
0.0864893
0.0860823
0.0842315
0.0884298
0.0827111
0.0834191
0.0809636
0.0226553
0.0510273
0.0245573
0.0836776
0.0811793
0.0799402
0.0826897
0.138269
0.0918839
0.089154
0.0874504
0.0839919
0.0870793
0.0854034
0.0826883
0.0804423
0.080334
0.0246736
0.0510487
0.0241693
0.0830767
0.0859905
0.087576
0.0764107
0.0930142
0.0903546
0.0895148
0.0868961
0.089189
0.0866818
0.0893706
0.0820239
0.081768
0.0867334
0.0245793
0.0510521
0.023822
0.0865515
0.0838679
0.0750313
0.0818278
0.0865335
0.0865302
0.0849545
0.0899252
0.0886199
0.0902631
0.0888866
0.0843773
0.0893812
0.0888778
0.0245702
0.0516077
0.0242082
0.0238752
0.0758902
0.0866547
0.080657
0.0872815
0.0852673
0.0882055
0.0857947
0.0870649
0.0850573
0.0863637
0.0862783
0.0855809
0.0841294
0.0235179
0.0513096
