-3.04011
3.0643
3.0681
3.05875
3.06754
3.05716
3.05392
3.05907
3.04884
3.06131
3.06064
3.06339
3.06482
3.06357
3.06729
3.06268
3.06253
-3.0361
3.06785
3.05929
3.06009
3.06273
3.05411
3.05243
3.06423
3.03584
3.05598
3.05493
3.06425
3.05976
3.06284
3.06096
3.06119
3.06289
-3.04593
3.05858
3.06113
3.05835
3.06027
3.05403
3.05407
3.05534
3.05144
3.04948
3.05989
3.05272
3.05976
3.05774
3.05464
3.05881
3.06568
-3.03745
3.06846
3.06909
3.06598
3.07051
3.06293
3.06593
3.05845
3.06391
3.05311
3.04972
3.0511
3.04891
3.06358
3.06917
3.07486
3.06524
-3.04202
3.06106
3.05737
3.05701
3.06788
3.04379
3.05899
3.08166
3.04493
3.06363
3.05952
3.05784
3.05551
3.06235
3.06818
3.06159
3.06363
-3.0357
3.05726
3.05794
3.05825
3.06069
3.05195
3.05279
3.05712
3.04775
3.05534
3.05218
3.04703
3.05247
3.05873
3.05373
3.05779
3.05857
-3.03852
3.06756
3.07329
3.06846
3.07201
3.06601
3.06791
3.05878
3.05705
3.04626
3.05469
3.05725
3.06347
3.05669
3.06245
3.06097
3.06287
-3.05188
3.08012
3.08363
3.08203
3.09025
3.0841
3.07785
3.07321
3.05845
3.05266
3.08326
3.08753
3.07959
3.09636
3.08885
3.08787
3.07891
-3.0514
3.0568
3.05093
3.05136
3.05725
3.04595
3.04998
3.04919
3.06855
3.05093
3.06663
3.05571
3.04769
3.05715
3.05566
3.05802
3.06254
-3.03695
3.06473
3.06964
3.07084
3.07052
3.06572
3.06441
3.059
3.05845
3.06855
3.06112
3.07363
3.06353
3.06561
3.06621
3.06925
3.06433
-3.03767
3.0637
3.06656
3.06036
3.0682
3.05566
3.06673
3.06342
3.06914
3.06572
3.09125
3.06196
3.05652
3.06086
3.06434
3.06235
3.0621
-3.04393
3.07047
3.06672
3.06891
3.06673
3.06408
3.06371
3.06713
3.05745
3.05894
3.06598
3.06082
3.06271
3.07052
3.06611
3.06703
3.06768
-3.04735
3.06185
3.06344
3.05824
3.07233
3.07602
3.0753
3.06855
3.07315
3.05359
3.05311
3.05623
3.05823
3.05845
3.05734
3.06088
3.06577
-3.04225
3.07116
3.07007
3.0627
3.06328
3.07142
3.05802
3.05817
3.0575
3.06249
3.06574
3.07004
3.0662
3.06911
3.07219
3.07536
3.06852
-3.04463
3.06146
3.0647
3.06807
3.07185
3.06626
3.06236
3.06104
3.05812
3.06038
3.06693
3.06117
3.05721
3.06405
3.06638
3.0635
3.06621
-3.03863
