-0.10864
3.02947
3.03173
3.02497
3.02524
3.02645
3.02236
3.02437
3.01468
3.02835
3.02943
3.03787
3.03335
3.03441
3.03275
3.03206
3.03135
-0.112466
3.03642
3.03149
3.03262
3.02695
3.03094
3.02134
3.02835
3.0278
3.02883
3.029
3.02636
3.02611
3.02375
3.02646
3.03309
3.03172
-0.106112
3.03003
3.03312
3.02959
3.0283
3.02838
3.02324
3.0265
3.01226
3.04493
3.02139
3.02638
3.0242
3.02884
3.03111
3.03055
3.03566
-0.110892
3.03551
3.03352
3.03439
3.02995
3.03702
3.0295
3.0423
3.00484
3.03048
3.02408
3.02297
3.02387
3.03299
3.03377
3.0396
3.03278
-0.108017
3.02979
3.03165
3.02807
3.02971
3.02825
3.02872
3.03025
3.0306
3.02483
3.02343
3.02844
3.0326
3.02814
3.03604
3.03047
3.03321
-0.112226
3.03171
3.03021
3.03292
3.02606
3.03375
3.02642
3.02844
3.03358
3.01963
3.01657
3.02514
3.02717
3.03192
3.02818
3.0325
3.02956
-0.109506
3.03153
3.03578
3.03085
3.03359
3.03758
3.03035
3.02296
3.02297
3.02959
3.03315
3.02236
3.03436
3.02749
3.03325
3.03165
3.03362
-0.111268
3.03389
3.031
3.03438
3.03273
3.0316
3.0272
3.02883
3.01005
3.01241
3.02887
3.02454
3.02717
3.03056
3.02969
3.0336
3.03048
-0.108429
3.02966
3.03389
3.03437
3.02869
3.02848
3.02072
3.03478
3.0321
3.03157
3.03094
3.02122
3.02509
3.02258
3.02784
3.02747
3.03255
-0.110752
3.03797
3.04241
3.03794
3.03492
3.03277
3.03197
3.01962
3.02187
3.01416
3.04088
3.03206
3.03336
3.03603
3.0358
3.04122
3.03414
-0.107619
3.03205
3.02667
3.02444
3.01818
3.02199
3.03142
3.0261
3.04597
2.99843
3.02437
3.01755
3.02555
3.02352
3.03094
3.02803
3.03174
-0.108168
3.03113
3.03045
3.02557
3.02359
3.03432
3.03486
3.03154
3.03412
3.02994
3.0246
3.02128
3.0228
3.02624
3.02513
3.03044
3.03375
-0.109258
3.03443
3.0328
3.03264
3.03532
3.03237
3.03696
3.0289
3.02867
3.03094
3.02388
3.02565
3.03179
3.02924
3.03546
3.03796
3.03462
-0.108172
3.03085
3.03256
3.03959
3.03639
3.03867
3.03429
3.03363
3.02561
3.02823
3.03363
3.02741
3.02858
3.03269
3.03676
3.03472
3.03426
-0.110229
3.03435
3.03492
3.03205
3.03612
3.02647
3.0324
3.0187
3.03027
3.01505
3.04626
3.0337
3.03801
3.03851
3.0384
3.03814
3.03358
-0.109484
