3.04011
-0.17697
-2.92449
-2.91386
-2.91286
-2.92036
-2.92897
-2.91599
-2.91695
-2.91569
-2.91807
-2.9187
-2.91725
-2.91495
-2.9201
-0.193218
-0.166894
3.0251
-0.202295
-2.91632
-2.90981
-2.91589
-2.92443
-2.91292
-2.91434
-2.91356
-2.91542
-2.91697
-2.91525
-2.91252
-2.91301
-2.90967
-2.92059
-0.190725
3.02508
-0.197448
-2.9043
-2.91027
-2.91923
-2.90752
-2.9087
-2.90785
-2.90825
-2.90824
-2.90613
-2.90336
-2.90422
-2.90187
-2.9305
-2.93874
-0.166788
3.02939
-0.191576
-2.91776
-2.92452
-2.91206
-2.91454
-2.91351
-2.91524
-2.91706
-2.91644
-2.91271
-2.91441
-2.9124
-2.92551
-2.92993
-2.91997
-0.186258
3.01528
-0.209107
-2.9251
-2.9109
-2.91253
-2.9121
-2.91398
-2.91405
-2.91315
-2.90897
-2.91105
-2.90838
-2.92389
-2.92745
-2.91744
-2.9084
-0.219878
3.00766
-0.213063
-2.91372
-2.91379
-2.91289
-2.91386
-2.91448
-2.91398
-2.90949
-2.90973
-2.9068
-2.92888
-2.93199
-2.92233
-2.91042
-2.9117
-0.207926
3.00112
-0.22394
-2.91458
-2.91234
-2.9125
-2.913
-2.91351
-2.91084
-2.91228
-2.91036
-2.92707
-2.93094
-2.92145
-2.90902
-2.90865
-2.91782
-0.212141
2.98129
-0.257246
-2.91472
-2.91384
-2.91451
-2.91447
-2.91093
-2.91181
-2.90976
-2.92785
-2.93246
-2.92339
-2.9118
-2.91057
-2.9174
-2.92777
-0.250737
2.97081
-0.235456
-2.91573
-2.91291
-2.9129
-2.90987
-2.91129
-2.91022
-2.92565
-2.93041
-2.92214
-2.91038
-2.9096
-2.91589
-2.9249
-2.91262
-0.239417
2.99268
-0.221331
-2.91121
-2.91
-2.9067
-2.90992
-2.90795
-2.92922
-2.93228
-2.9247
-2.91291
-2.91198
-2.91882
-2.92722
-2.91351
-2.91724
-0.210375
3.00942
-0.208713
-2.91508
-2.90946
-2.91206
-2.90984
-2.92721
-2.92999
-2.92254
-2.91071
-2.90925
-2.91668
-2.92404
-2.90984
-2.91063
-2.90926
-0.199801
3.02811
-0.180833
-2.90938
-2.91073
-2.90799
-2.92802
-2.93026
-2.92315
-2.9131
-2.91232
-2.91865
-2.92643
-2.9127
-2.91373
-2.91116
-2.91447
-0.169931
3.02476
-0.207672
-2.91339
-2.90874
-2.92436
-2.92622
-2.91996
-2.90957
-2.90773
-2.91619
-2.92448
-2.91116
-2.91179
-2.91009
-2.91148
-2.9129
-0.209663
3.0251
-0.196193
-2.9062
-2.93521
-2.93245
-2.92608
-2.91531
-2.91332
-2.92057
-2.92899
-2.91479
-2.9152
-2.9127
-2.91402
-2.9149
-2.91604
-0.178606
3.02176
-0.209382
-0.16663
-2.92593
-2.91988
-2.9104
-2.90914
-2.9163
-2.92216
-2.90907
-2.90847
-2.906
-2.90601
-2.90597
-2.90494
-2.9042
-0.205929
3.02051
