1
1
1
1
1
1
1
1
1
1
0.758333
0
1.035
1.00333
0.00166667
1.01167
1.35
1.01167
0.025
0.75
0.486667
0.495
0.985
0.99
0.00166667
0.983333
1.285
0.99
0
0.69
0.26
0.32
0.99
0.995
0.00166667
0.99
1.33
0.993333
0.455
0.715
0.501667
0.183333
1.11
1.00833
0.0166667
0.993333
1.37
1.00833
0
0.595
0.333333
0.0183333
0.94
0.958333
0.00166667
0.96
1.21
0.965
0.01
0.61
0.00166667
0.141667
1.085
1.02667
0.04
1.02167
1.395
1
0.095
0.08
0.866667
0.373333
1.025
1
0.015
0.996667
1.3
0.966667
0.05
0
0.5
0.15
1.075
1.01167
0.03
1.02833
1.285
0.978333
0.08
0.645
0.333333
0.87
1.05
1.00833
0.0266667
1.03
1.34
0.98
0.005
0.625
0.15
0.185
0.975
0.991667
0.02
0.95
1.245
0.931667
0.03
0.465
1.33
0.171667
1.045
1.01333
0.03
1.00333
1.29
0.983333
0.035
0.56
0.586667
0
0.94
0.958333
0.00333333
0.941667
1.175
0.928333
0
0.465
0.5
0.501667
1.07
1.01667
0.0316667
0.993333
1.33
0.978333
0.09
0.56
0.341667
0.553333
1
0.988333
0.02
0.97
1.275
0.948333
0.045
0.475
0.0533333
0.05
1.025
1.00833
0.0266667
1
1.39
0.973333
0.095
0.58
