2.14059
-0.918109
-0.891915
-0.94098
-1.03644
-1.03145
-1.07145
-1.31019
-1.05841
-1.15629
-1.299
-0.984518
-0.995372
-0.987456
-0.952931
-0.977297
-0.979625
2.17309
-0.971966
-1.02028
-1.11123
-1.11588
-1.16922
-1.23483
-1.18392
-1.28474
-1.42372
-0.991232
-0.989873
-1.018
-0.958564
-0.960462
-1.05471
-0.982841
2.15504
-0.995599
-1.07451
-1.07718
-1.13043
-1.19365
-1.23412
-1.31712
-1.33971
-1.3734
-1.13613
-1.16423
-1.10715
-1.11305
-1.16427
-1.03909
-0.98857
2.12765
-1.04503
-1.00232
-1.05083
-1.08208
-1.13492
-1.24421
-1.46406
-1.3734
-1.21203
-1.29026
-1.2315
-1.24129
-1.25898
-1.1211
-1.04042
-1.01137
-2.11419
-0.939833
-0.926172
-0.970348
-1.01272
-1.08776
-1.31824
-1.23755
-1.08084
-1.39409
-1.31117
-1.32133
-1.18564
-1.06656
-0.977845
-0.923672
-0.98094
2.1566
-1.00283
-1.03038
-1.09395
-1.14861
-1.32582
-1.27343
-1.46406
-1.05841
-1.19029
-1.299
-1.32582
-1.19625
-1.10715
-1.04815
-1.04259
-0.993538
2.1346
-1.00132
-1.00743
-1.06063
-1.26661
-1.15563
-1.18727
-1.4289
-1.41419
-1.46406
-1.53633
-1.24397
-1.17077
-1.09548
-1.09537
-1.00454
-0.993414
2.13417
-0.982794
-1.00051
-1.21776
-1.10608
-1.10715
-1.37656
-1.3597
-1.29985
-1.29985
-1.23755
-1.17227
-1.13228
-1.11679
-1.05653
-0.987693
-0.986513
2.1463
-0.986949
-1.16142
-1.06955
-1.05073
-1.23079
-0.974136
-1.31712
-1.35213
-1.3633
-1.3078
-1.21388
-1.20627
-1.11048
-1.04098
-1.00578
-0.981422
2.13785
-1.16042
-0.994704
-1.05685
-1.16394
-1.24711
-1.31428
-1.15092
-1.24905
-1.2315
-1.36678
-1.36177
-1.23116
-1.19436
-1.16496
-1.09475
-1.02829
-2.07815
-0.816725
-0.740815
-0.881089
-0.914095
-0.991326
-1.34076
-1.29026
-1.43373
-1.29985
-1.09128
-1.00041
-0.893088
-0.857062
-0.815489
-0.744129
-0.978898
2.20638
-1.02389
-1.17152
-1.2084
-1.31081
-1.2842
-1.23502
-1.24397
-1.23755
-1.13095
-1.40006
-1.15092
-1.10715
-1.03499
-1.04353
-1.13744
-0.984384
2.12101
-1.09804
-1.11535
-1.19081
-1.01409
-0.999019
-1.00169
-1.04385
-1.2598
-1.0122
-1.3078
-1.39357
-1.23934
-1.16871
-1.29786
-1.07399
-1.0296
-2.09429
-0.989347
-0.980771
-1.04636
-1.00945
-1.01659
-1.07643
-1.21023
-1.12328
-1.15839
-1.22777
-0.840288
-1.08803
-1.15797
-0.946042
-0.918297
-1.00732
2.12124
-1.04256
-0.972222
-0.894923
-0.907213
-0.98006
-1.07643
-1.12154
-1.08991
-1.13095
-1.17056
-1.14794
-1.22361
-1.03954
-0.976968
-1.03121
-1.00866
2.11584
