-3.00903
3.04629
3.04461
3.04562
3.04272
3.04834
3.04573
3.06176
3.08284
3.06482
3.03851
3.04323
3.04218
3.04688
3.0399
3.04036
3.04253
-3.01325
3.04017
3.04192
3.0374
3.03786
3.04049
3.03851
3.06176
3.08284
3.05845
3.0541
3.049
3.0482
3.04192
3.04251
3.04043
3.04342
-3.00693
3.04289
3.03954
3.03954
3.03905
3.03807
3.03851
3.06482
3.07917
3.06176
3.04387
3.04488
3.03714
3.03743
3.0364
3.04116
3.0396
-3.01044
3.04164
3.04425
3.04418
3.04381
3.04629
3.03486
3.05485
3.08609
3.05845
3.0541
3.03603
3.03404
3.03643
3.04224
3.04092
3.04372
-3.0066
3.04232
3.04384
3.04076
3.0406
3.03921
3.03672
3.06482
3.07917
3.05845
3.03094
3.03409
3.03635
3.03925
3.03841
3.04311
3.0408
-3.00996
3.04457
3.04323
3.04192
3.03952
3.04263
3.03486
3.05485
3.07917
3.06176
3.03486
3.03486
3.04192
3.03797
3.04243
3.04147
3.04266
-3.01299
3.04198
3.04294
3.04005
3.04002
3.03635
3.04387
3.05845
3.08284
3.05845
3.05845
3.04753
3.03901
3.04192
3.04016
3.04316
3.04448
-3.00778
3.04247
3.041
3.03841
3.038
3.03851
3.03851
3.06176
3.07917
3.08284
3.06176
3.03486
3.0399
3.03913
3.03951
3.04301
3.04165
-3.01103
3.04414
3.0444
3.04183
3.04728
3.049
3.0541
3.06176
3.05845
3.08284
3.06176
3.0556
3.04323
3.04166
3.04515
3.04388
3.04463
-3.00952
3.04168
3.04212
3.04182
3.04359
3.0378
3.03293
3.04926
3.05845
3.08284
3.06176
3.04192
3.044
3.04219
3.03959
3.04231
3.0418
-3.00922
3.04353
3.0467
3.04764
3.03814
3.04049
3.03976
3.04926
3.05845
3.08284
3.06176
3.05093
3.03901
3.04219
3.04171
3.04304
3.04235
-3.00993
3.04605
3.04976
3.0408
3.03814
3.03457
3.03976
3.04926
3.06176
3.07917
3.05845
3.06332
3.04468
3.04717
3.04411
3.04535
3.04452
-3.01405
3.04644
3.03811
3.03715
3.03894
3.04029
3.04263
3.05254
3.06176
3.08284
3.04192
3.03851
3.03976
3.04057
3.04098
3.0429
3.04432
-3.01638
3.03909
3.03894
3.04269
3.04478
3.04084
3.04192
3.03851
3.05845
3.07029
3.06176
3.05254
3.03635
3.03925
3.04182
3.04349
3.04623
-3.00576
3.04059
3.04124
3.04397
3.04018
3.04067
3.03873
3.04025
3.05093
3.08284
3.05845
3.05254
3.04699
3.04434
3.04737
3.04951
3.04114
-3.00691
