1.62008
1.57296
1.5512
1.56507
1.52864
1.53082
1.5351
1.45592
1.50838
1.53082
1.46592
1.56409
1.5548
1.57286
1.56701
1.55317
1.54794
1.60276
1.52002
1.53568
1.5005
1.49894
1.48259
1.45654
1.45137
1.45369
1.44644
1.55413
1.55719
1.55509
1.56026
1.55726
1.49852
1.54115
1.63456
1.58388
1.56969
1.5708
1.55257
1.53211
1.46771
1.49097
1.50838
1.41815
1.48014
1.48199
1.48126
1.47714
1.53612
1.58538
1.55454
1.60197
1.51526
1.51969
1.50285
1.49156
1.43078
1.43603
1.40565
1.46014
1.52915
1.50074
1.51787
1.50678
1.44023
1.49417
1.49152
1.53555
1.63709
1.57032
1.58118
1.56484
1.50369
1.52222
1.46406
1.49097
1.5708
1.41214
1.43603
1.41964
1.48649
1.5277
1.52814
1.58083
1.55242
1.60947
1.54057
1.52983
1.45992
1.48493
1.43737
1.43603
1.3654
1.5708
1.48766
1.4442
1.41419
1.46911
1.47163
1.5255
1.52464
1.54374
1.62133
1.54264
1.49713
1.52364
1.45723
1.48989
1.49547
1.40565
1.38545
1.40565
1.3654
1.46014
1.45328
1.51113
1.50789
1.54311
1.54641
1.62279
1.50399
1.54458
1.47524
1.50899
1.51606
1.43136
1.40565
1.44644
1.50838
1.44644
1.4289
1.47046
1.47213
1.49418
1.52084
1.54012
1.64527
1.60427
1.57498
1.59753
1.61015
1.55691
1.65679
1.49097
1.40565
1.44644
1.49097
1.55325
1.54483
1.57853
1.60756
1.61928
1.56043
1.58762
1.48729
1.51839
1.49655
1.47275
1.42124
1.4086
1.46771
1.45137
1.44644
1.44644
1.41685
1.47183
1.48698
1.49645
1.47639
1.53758
1.66289
1.59114
1.61449
1.57674
1.54623
1.51821
1.42323
1.46406
1.33525
1.45369
1.53235
1.53633
1.56399
1.5758
1.54316
1.61607
1.54315
1.59508
1.53594
1.50295
1.47132
1.4314
1.43469
1.46164
1.4289
1.49097
1.5708
1.41214
1.4982
1.50678
1.48617
1.52608
1.5026
1.54599
1.62643
1.52105
1.4975
1.46909
1.51722
1.52644
1.49661
1.51821
1.45592
1.5708
1.48014
1.39239
1.41662
1.48766
1.45152
1.52387
1.53451
1.63939
1.52885
1.52797
1.53147
1.54798
1.51488
1.52447
1.47113
1.53082
1.5708
1.45592
1.55385
1.49097
1.47548
1.54519
1.55579
1.54012
1.64205
1.52418
1.55558
1.59083
1.5547
1.56041
1.52416
1.51821
1.5708
1.5708
1.45137
1.48766
1.47113
1.52692
1.55104
1.5447
1.53498
1.63428
