0.0130814
0.00645948
0.0215926
0.0213772
0.0211586
0.0218749
0.0225733
0.0205979
0.0217028
0.0217716
0.0225622
0.0221251
0.0229982
0.0233051
0.0222535
0.00659495
0.00643185
0.0130629
0.0063277
0.0216726
0.0212292
0.021925
0.0221915
0.0205424
0.0211981
0.020923
0.0217741
0.0214599
0.0222797
0.0223756
0.0214636
0.022009
0.0219469
0.00644244
0.0130461
0.00646438
0.0216018
0.0222939
0.0223922
0.0211595
0.0215298
0.0212217
0.0216845
0.0200659
0.0231812
0.0223919
0.0212362
0.021749
0.0222824
0.022546
0.00649849
0.013042
0.006136
0.0219403
0.0220486
0.0211854
0.0217921
0.0210674
0.0217851
0.0201028
0.0230479
0.022576
0.0216661
0.021952
0.0213892
0.0216436
0.0213863
0.00621559
0.0130234
0.00662355
0.0235474
0.0223448
0.0231669
0.0228483
0.022864
0.0211981
0.0225694
0.0211778
0.0212602
0.0212764
0.0231665
0.0231705
0.0228429
0.0227564
0.00642175
0.0130967
0.00647484
0.0211653
0.0219185
0.0214974
0.0217732
0.0215418
0.0224334
0.0216845
0.0217534
0.0231474
0.0217838
0.0222745
0.021662
0.0215945
0.0214047
0.00646149
0.0130783
0.00626991
0.0228717
0.0225248
0.02261
0.0220956
0.0237869
0.0217851
0.0208888
0.0217741
0.0217869
0.0234384
0.0226892
0.0222741
0.0220679
0.0229179
0.00654355
0.0130113
0.0065604
0.0219129
0.0220883
0.0212191
0.0224939
0.0225871
0.0217088
0.0226843
0.0217013
0.0211163
0.0225431
0.0218607
0.0217082
0.0224029
0.0226317
0.00630868
0.0130935
0.00647857
0.0223228
0.0214451
0.0225031
0.0229435
0.0221921
0.0230665
0.0223543
0.0226843
0.0223574
0.0217622
0.0213893
0.0221454
0.0223002
0.0213652
0.0065609
0.0130826
0.00654224
0.0221361
0.0231857
0.0233808
0.0221562
0.0223067
0.021509
0.0206385
0.0208902
0.0211903
0.021797
0.0231664
0.0232672
0.0223663
0.0232153
0.00651196
0.0130551
0.00607445
0.0219463
0.0221479
0.021003
0.0215808
0.0220618
0.0225459
0.0217949
0.0209266
0.0206289
0.021797
0.0223838
0.0214203
0.0220725
0.0219073
0.00633304
0.012967
0.00642186
0.0225961
0.0213684
0.0216215
0.0218752
0.0222914
0.0226054
0.0212469
0.020923
0.0212081
0.0231326
0.0209937
0.0219188
0.0217837
0.0220331
0.00611471
0.0130662
0.00645912
0.0214925
0.0218453
0.0222847
0.0224126
0.0221872
0.0218287
0.0206422
0.0207905
0.0252729
0.0205645
0.0218492
0.0215319
0.0217725
0.0210533
0.00642437
0.0130678
0.00626922
0.02225
0.0220463
0.0221766
0.0217985
0.0217538
0.0208294
0.0212217
0.025982
0.0206117
0.0216549
0.0219732
0.0220792
0.0213298
0.0226676
0.00650842
0.0130033
0.00629309
0.0066634
0.0231402
0.0226993
0.0223965
0.0218797
0.0223269
0.0260842
0.0208888
0.0211498
0.0208121
0.0215702
0.0207894
0.0220654
0.02243
0.00620504
0.0130541
