0.0155077
0.00501359
0.0119612
0.0112942
0.0102563
0.0100517
0.00967969
0.00740594
0.00972256
0.0102144
0.00976416
0.0104089
0.0116146
0.0125431
0.0126148
0.00479654
0.00487181
0.0145051
0.00505447
0.0127609
0.0116078
0.0111379
0.0107637
0.00929544
0.00843137
0.0108872
0.00865952
0.00828172
0.00984797
0.0104278
0.010557
0.011853
0.0123763
0.00498267
0.0163214
0.00507654
0.0122044
0.0116904
0.0112257
0.00991025
0.0101732
0.0086934
0.00903898
0.00838315
0.00991589
0.0104503
0.010397
0.0117286
0.0126152
0.0135293
0.0051662
0.0163817
0.00488216
0.0115412
0.011065
0.00974881
0.00976021
0.00862144
0.00802779
0.0100514
0.0111799
0.0104716
0.0105418
0.0118608
0.0101867
0.0109872
0.0115497
0.00487458
0.0151608
0.00516952
0.0137624
0.0120682
0.0117477
0.0113442
0.0107321
0.0088109
0.00998988
0.00877047
0.00898442
0.00992551
0.0113009
0.0117531
0.0123372
0.0131656
0.00510657
0.0163292
0.00501081
0.0114932
0.0111989
0.0104181
0.00995764
0.00937083
0.00799609
0.0115342
0.00909189
0.00994938
0.00968509
0.0103724
0.0108228
0.0114894
0.0121232
0.00501883
0.0155316
0.0050007
0.0123365
0.0115764
0.0108713
0.00990125
0.00956653
0.00856312
0.00789341
0.00917572
0.0078488
0.00950744
0.00979736
0.0104997
0.0109878
0.0120848
0.00502144
0.0158747
0.00520005
0.0129537
0.0121242
0.0109973
0.0108482
0.00953249
0.00854425
0.00985166
0.0242628
0.00921749
0.00862194
0.00899013
0.00935485
0.010114
0.0112009
0.00484728
0.0129359
0.00521273
0.0127195
0.0118569
0.0112689
0.0105192
0.0077427
0.00723076
0.00658843
0.0122818
0.0104293
0.0106825
0.0106645
0.0115655
0.0123016
0.0125398
0.00536332
0.0132199
0.00485219
0.0103677
0.00966464
0.0096646
0.00857526
0.00898074
0.00906077
0.00778906
0.00967248
0.00890248
0.00968364
0.0110585
0.0117613
0.0119448
0.0132037
0.00471488
0.0166404
0.00490477
0.0116061
0.011103
0.0100929
0.00974485
0.0116329
0.00963129
0.0104236
0.00902732
0.00831522
0.00802841
0.00931364
0.00928862
0.00988478
0.0109185
0.00476117
0.0128219
0.0050002
0.0129771
0.0118031
0.0111624
0.00884802
0.00892338
0.00823119
0.00970375
0.01245
0.0127847
0.00981182
0.00892848
0.0105267
0.0115688
0.0122718
0.00494762
0.0131926
0.00475943
0.0104164
0.010088
0.0130706
0.0123453
0.0115
0.0108301
0.00991674
0.0102429
0.00819646
0.0079868
0.00915966
0.00991445
0.0105296
0.0110169
0.00455312
0.0130392
0.00497102
0.0141377
0.0133965
0.012651
0.0116105
0.011102
0.0103136
0.0101746
0.00922031
0.0100688
0.0139896
0.0104333
0.0119671
0.0126252
0.014479
0.00512938
0.0127389
0.00493391
0.00500073
0.0121767
0.0110927
0.0103962
0.00955654
0.00922765
0.0087151
0.0091007
0.00709378
0.0136132
0.0111155
0.0106556
0.0125006
0.0136456
0.00493729
0.0131132
