2.8934
-2.93015
-2.93498
-2.92091
-2.9243
-2.91924
-2.92551
-2.90785
-2.91479
-2.88427
-2.93527
-2.92865
-2.9305
-2.91347
-2.92766
-2.92337
-2.92184
2.90091
-2.93643
-2.92038
-2.92545
-2.92076
-2.92865
-2.91632
-2.9442
-2.91479
-2.88427
-2.92753
-2.93363
-2.91736
-2.93059
-2.92319
-2.92077
-2.93051
2.90418
-2.92038
-2.92266
-2.91674
-2.92404
-2.9211
-2.92292
-2.89661
-2.91479
-2.90785
-2.9305
-2.91613
-2.93229
-2.92551
-2.9176
-2.92649
-2.93508
2.8888
-2.92645
-2.91889
-2.92487
-2.9243
-2.92386
-2.91169
-2.9442
-2.9305
-2.9341
-2.91812
-2.9341
-2.92256
-2.92012
-2.92875
-2.93509
-2.92195
2.89029
-2.91915
-2.92241
-2.9225
-2.92484
-2.91207
-2.9305
-2.89661
-2.91479
-2.88427
-2.92292
-2.92292
-2.91893
-2.92828
-2.93328
-2.91865
-2.92497
2.8915
-2.92499
-2.92227
-2.92651
-2.91869
-2.92753
-2.92753
-2.9341
-2.89661
-2.92292
-2.90785
-2.92753
-2.92865
-2.9346
-2.919
-2.92379
-2.91983
2.89732
-2.92394
-2.92558
-2.91695
-2.93002
-2.92678
-2.92028
-2.92292
-2.91479
-2.88427
-2.88427
-2.9305
-2.93363
-2.91887
-2.92389
-2.91776
-2.92477
2.8884
-2.92717
-2.91548
-2.9297
-2.92848
-2.93363
-2.91812
-2.9341
-2.91479
-2.91479
-2.88427
-2.93983
-2.92006
-2.92187
-2.91674
-2.92216
-2.92334
2.90101
-2.91807
-2.92893
-2.92895
-2.93217
-2.91207
-2.91812
-2.88427
-2.88427
-2.91479
-2.9442
-2.91812
-2.92292
-2.92003
-2.92292
-2.9216
-2.92753
2.88849
-2.93088
-2.9283
-2.93088
-2.91748
-2.92678
-2.9131
-2.90687
-2.9442
-2.91479
-2.88427
-2.92292
-2.91207
-2.92254
-2.92082
-2.92461
-2.91783
2.90166
-2.93119
-2.93206
-2.91731
-2.93116
-2.9211
-2.92198
-2.9131
-2.89661
-2.91479
-2.89661
-2.91812
-2.92678
-2.92397
-2.92655
-2.91664
-2.93182
2.89177
-2.93313
-2.91626
-2.9299
-2.92292
-2.92076
-2.92678
-2.93983
-2.89661
-2.91479
-2.88427
-2.92551
-2.92472
-2.92654
-2.91678
-2.92982
-2.93081
2.90369
-2.91866
-2.93027
-2.92416
-2.91915
-2.92883
-2.92865
-2.9131
-2.89661
-2.91479
-2.89661
-2.91632
-2.92198
-2.91869
-2.93032
-2.92923
-2.93337
2.89122
-2.93242
-2.92292
-2.92023
-2.92835
-2.93325
-2.92386
-2.91169
-2.89661
-2.87534
-2.89661
-2.92292
-2.91349
-2.9298
-2.92843
-2.93043
-2.91834
2.89726
-2.92528
-2.92019
-2.92536
-2.93086
-2.91887
-2.92386
-2.9131
-2.89661
-2.91479
-2.89661
-2.91169
-2.92932
-2.93182
-2.93238
-2.91767
-2.93296
2.89326
