0.0181451
0.00688325
0.0235843
0.0234502
0.0231644
0.0238338
0.0247663
0.0220682
0.0217028
0.0212859
0.0221774
0.0217497
0.0227113
0.0230852
0.0219375
0.00662016
0.00677555
0.0180886
0.00673713
0.0234099
0.0229229
0.0236605
0.0239842
0.0221725
0.0221216
0.0217368
0.0230151
0.0225809
0.0236741
0.0238081
0.0226447
0.0232733
0.0241031
0.00690939
0.0181643
0.00664129
0.0219165
0.0226747
0.0227995
0.021467
0.0222063
0.0212996
0.0230346
0.0220712
0.0252718
0.0246988
0.0232135
0.0238428
0.0225417
0.0228658
0.0066545
0.0182098
0.00661148
0.0243481
0.024566
0.0235336
0.024372
0.0230132
0.0240205
0.0205009
0.0230479
0.0226001
0.0219128
0.0221851
0.0239855
0.0242124
0.023868
0.00671986
0.0182756
0.00671223
0.0234039
0.0221962
0.0230666
0.0226934
0.0225733
0.0212759
0.0230903
0.0230151
0.0238211
0.0237841
0.0233024
0.0233372
0.0229172
0.0229348
0.00652305
0.0181609
0.00686958
0.0228977
0.0238157
0.0232818
0.0234789
0.0229905
0.0240582
0.0230346
0.0221135
0.0229606
0.0229802
0.0236334
0.0230065
0.0229603
0.0227271
0.00680528
0.01809
0.00657957
0.024188
0.023724
0.0238068
0.0233189
0.0252928
0.0230267
0.0217013
0.0230151
0.0230287
0.0242912
0.0242982
0.0240043
0.023755
0.0247009
0.0069203
0.0182864
0.00669668
0.0220837
0.0223
0.0214051
0.0228255
0.0221883
0.0220682
0.0230346
0.0217013
0.0221005
0.0229411
0.0225113
0.0222373
0.0229585
0.023247
0.00645166
0.0181558
0.00665059
0.0230857
0.0222028
0.0233626
0.0236611
0.0225951
0.0221116
0.0229815
0.0216845
0.0220712
0.0222103
0.021793
0.0228299
0.0230109
0.0220444
0.00675272
0.0182361
0.00672373
0.0228761
0.0240567
0.0242836
0.0229572
0.0233847
0.02384
0.0230267
0.0217028
0.0221135
0.0214769
0.0231664
0.0232812
0.0222828
0.0232605
0.00662398
0.0181237
0.00660557
0.0247827
0.0250918
0.0235844
0.0239842
0.024135
0.023857
0.0230371
0.0217407
0.022132
0.0234495
0.0243213
0.0232881
0.0240736
0.023827
0.00682363
0.018238
0.00696086
0.0247893
0.0233188
0.0236071
0.0237703
0.0241575
0.0238763
0.0221726
0.0230903
0.0230479
0.0252783
0.0229982
0.0240539
0.0238144
0.0241332
0.00660921
0.0180603
0.00698968
0.023264
0.0236994
0.0235084
0.023742
0.0234994
0.0230872
0.0221463
0.0217368
0.0275763
0.0221963
0.0241227
0.023703
0.0240036
0.0232161
0.00696213
0.0180396
0.00660177
0.0234387
0.023963
0.024148
0.0236344
0.0237245
0.0222282
0.0230628
0.0263096
0.0221135
0.022981
0.0233114
0.0233372
0.0226039
0.024109
0.00691313
0.0181934
0.0067441
0.00667671
0.0226431
0.0221339
0.0219386
0.0213747
0.0218553
0.0251036
0.0217013
0.0229846
0.0230341
0.0241628
0.0233957
0.0248951
0.02534
0.00669021
0.0181709
