0.016086
0.00833074
0.0282216
0.0281441
0.0275278
0.0282212
0.030822
0.0256389
0.0277016
0.0282522
0.0294355
0.0292521
0.0303675
0.0309287
0.0291389
0.00853043
0.00828922
0.0162025
0.00811988
0.0284527
0.0278217
0.028816
0.0292943
0.0262542
0.0272017
0.027745
0.028212
0.0274471
0.0298799
0.0296942
0.0282039
0.0288522
0.0287342
0.00829338
0.0163112
0.00835362
0.0283407
0.0294291
0.029761
0.0279591
0.028089
0.0269421
0.0276782
0.0256423
0.0301498
0.0297342
0.0277557
0.028465
0.0293895
0.0296839
0.00838079
0.0162422
0.00786768
0.0286956
0.0290974
0.0275137
0.0287707
0.0268513
0.0271894
0.0258129
0.0285875
0.028659
0.0285613
0.0290164
0.0280486
0.0283758
0.0278583
0.00798045
0.0163549
0.00860084
0.0311592
0.0295576
0.0306528
0.0303115
0.0301207
0.0269121
0.027745
0.028212
0.0280764
0.0277436
0.0306152
0.0306261
0.030086
0.0300263
0.00829911
0.0160947
0.00841503
0.0276997
0.0288866
0.0282265
0.0282685
0.0275062
0.0286059
0.029854
0.0300777
0.0299521
0.0274938
0.02928
0.0282961
0.0283464
0.0279228
0.00833779
0.0160873
0.00812883
0.0303278
0.029747
0.0299047
0.0295743
0.0316126
0.0300751
0.0276997
0.028212
0.0282287
0.0301059
0.0298205
0.0295127
0.0290817
0.0301894
0.00854603
0.0162887
0.00849601
0.0286875
0.0289761
0.027861
0.0298685
0.0286731
0.028505
0.0276782
0.0276997
0.028212
0.0287692
0.0292348
0.0282895
0.0294982
0.0298536
0.00815959
0.0160905
0.0083288
0.0291245
0.0280626
0.0295924
0.0302762
0.0286527
0.0282262
0.0281707
0.0276782
0.0271396
0.028655
0.0277723
0.0289535
0.0293142
0.0278294
0.00846885
0.0161344
0.00845389
0.0291869
0.0308334
0.0311375
0.0295211
0.029306
0.0273351
0.0271894
0.0277016
0.0282286
0.0280934
0.0302928
0.0309224
0.029489
0.0307269
0.00841986
0.0162318
0.00780765
0.028922
0.0293949
0.0274655
0.027985
0.0289633
0.029306
0.0269121
0.0277499
0.0269248
0.0287008
0.0295341
0.02798
0.0291729
0.0287616
0.00813894
0.0164835
0.00830533
0.0299272
0.028071
0.0285514
0.0288012
0.0295486
0.0288312
0.0269741
0.027745
0.0282522
0.0308068
0.0275374
0.0289221
0.02866
0.0288941
0.00785803
0.016261
0.00843399
0.0281513
0.0286793
0.029301
0.0295846
0.0293198
0.029402
0.0269421
0.027745
0.033608
0.0262824
0.0289484
0.0282693
0.0286788
0.027625
0.00830918
0.0160478
0.00803497
0.0291886
0.0289443
0.0291577
0.0285445
0.0288423
0.0268513
0.0269421
0.0323874
0.0269023
0.0280286
0.0289501
0.0289632
0.0280765
0.0298704
0.00850407
0.0164039
0.00810773
0.0086213
0.0303804
0.0297256
0.029599
0.0287792
0.0293588
0.033625
0.0276997
0.0268507
0.026829
0.0280219
0.0273672
0.0291734
0.0297014
0.00794178
0.0161909
