0.0137546
0.00752523
0.0248465
0.026891
0.0254425
0.02693
0.0280662
0.024532
0.0253832
0.0272144
0.0267899
0.0266986
0.0275163
0.0294097
0.0263134
0.00804599
0.00770422
0.0135088
0.00711933
0.0271057
0.0255525
0.0272443
0.027483
0.0247805
0.0245914
0.025423
0.0256764
0.0256116
0.0269624
0.0282448
0.0254563
0.0274768
0.0269199
0.00748665
0.0147042
0.0078964
0.026069
0.027833
0.0279531
0.0259468
0.0262942
0.0257296
0.0253618
0.0242744
0.0266976
0.0283048
0.0250523
0.0271294
0.0276084
0.0270388
0.00736483
0.0134805
0.00719311
0.0270904
0.0273289
0.0257348
0.0263483
0.0264348
0.0256894
0.0238071
0.0269248
0.0280524
0.0257873
0.0276051
0.0263832
0.0258677
0.0246124
0.00753523
0.0137966
0.00804417
0.0292175
0.02754
0.0280658
0.0291304
0.0273546
0.0257009
0.0272151
0.0268864
0.0250522
0.0263596
0.0288031
0.0278919
0.0265809
0.0286621
0.00760433
0.0140124
0.00782399
0.0257892
0.0264549
0.0272787
0.0254937
0.0251817
0.0257296
0.0276782
0.0265608
0.028659
0.0262824
0.0267733
0.0250429
0.0271062
0.0257615
0.00780132
0.0135809
0.00749661
0.0277012
0.0287314
0.0271096
0.0268098
0.0285776
0.0285611
0.0253815
0.0268864
0.0259433
0.0279148
0.0263387
0.0281511
0.0268171
0.028513
0.00794555
0.0134537
0.00770657
0.0276658
0.0262751
0.0254935
0.0269001
0.0280662
0.0253415
0.0276782
0.0258112
0.0256764
0.0259818
0.0278027
0.0262247
0.0279319
0.0280282
0.0075298
0.0137885
0.00795319
0.0263842
0.0256755
0.0267759
0.0287984
0.0255028
0.0269
0.0268471
0.0253618
0.0242744
0.0274666
0.0255077
0.0273873
0.0275145
0.0259264
0.00767647
0.0135516
0.00759897
0.026679
0.0279163
0.0297047
0.0265558
0.0286731
0.0257443
0.0256894
0.0238071
0.0269022
0.0261744
0.0285722
0.0290682
0.0274915
0.0280664
0.00804295
0.0134089
0.00707247
0.0261458
0.0279241
0.0247961
0.0266247
0.0273337
0.0268031
0.0243299
0.025858
0.024603
0.0269508
0.0276925
0.0261774
0.026728
0.0277525
0.00731378
0.0133971
0.00745064
0.0283818
0.0252803
0.0271664
0.0270641
0.0267864
0.0255416
0.0257601
0.0238444
0.025713
0.028659
0.0257787
0.026506
0.0276987
0.0261848
0.00712102
0.0134284
0.00792115
0.0253345
0.0273471
0.0274799
0.0269458
0.0257552
0.0281581
0.0257296
0.0258534
0.0300599
0.024703
0.0265396
0.0274046
0.0260052
0.0252667
0.00745373
0.0135189
0.00718881
0.0277413
0.0271472
0.0266003
0.0251717
0.0274511
0.0247384
0.0257296
0.029854
0.0245824
0.0262377
0.0278695
0.0263136
0.0256544
0.0269847
0.00798341
0.0147233
0.00764436
0.00801385
0.0276833
0.02623
0.0283233
0.0265606
0.0275333
0.0317538
0.0238055
0.0256423
0.0264129
0.0254812
0.0250595
0.0263992
0.0281717
0.00712465
0.01347
