2.7436
-0.421029
0.702336
0.737003
0.730658
0.72425
0.785398
0.982794
-0.197396
0.785398
0.837981
0.711459
0.741309
0.74248
0.716788
-0.489425
-0.416788
2.72572
-0.101273
0.715151
0.720554
0.741309
0.72425
0.694738
0.785398
0.785398
0.674741
0.732815
0.687671
0.746048
0.720216
0.73771
0.738822
-0.449203
2.99868
-0.446131
0.727122
0.744485
0.753663
0.746956
0.68573
0.785398
0.785398
0.380506
0.694738
0.683709
0.732815
0.729277
0.768059
0.734521
-0.0586011
2.69627
-0.365204
0.728257
0.729277
0.717012
0.749699
0.785398
0.785398
0.463648
0.694738
0.732815
0.708626
0.729457
0.741947
0.744989
0.696265
-0.466492
2.76893
-0.40029
0.72269
0.720334
0.754639
0.76318
0.837981
0.404892
0.321751
0.785398
0.694738
0.785398
0.827041
0.731188
0.698088
0.713289
-0.373782
2.744
-0.452914
0.719504
0.74147
0.713522
0.708626
0.828849
0.982794
0
1.10715
0.628796
0.832981
0.728855
0.69837
0.7207
0.709995
-0.405136
2.70865
-0.454986
0.754435
0.766767
0.770474
0.746956
0.785398
1.19029
0
0.321751
0.54042
0.732815
0.711459
0.762147
0.743871
0.743234
-0.457125
2.68123
-0.376701
0.742918
0.733953
0.757628
0.691337
0.785398
0.694738
0.321751
0.54042
0.927295
0.68573
0.705568
0.749952
0.741694
0.728603
-0.486817
2.75847
-0.437238
0.729324
0.735571
0.692144
0.764993
0.694738
0.982794
0.982794
0.588003
0.674741
0.785398
0.730907
0.755556
0.747515
0.724374
-0.385739
2.70756
-0.459481
0.707351
0.691123
0.704927
0.714091
0.832981
0.588003
1.10715
0.588003
0.785398
0.785398
0.785398
0.720971
0.704344
0.713156
-0.471063
2.69474
-0.423776
0.703016
0.741947
0.725069
0.765793
0.785398
0.737815
0.380506
0.982794
0.785398
0.785398
0.764993
0.742567
0.734879
0.747385
-0.464685
2.70753
-0.477307
0.717347
0.702465
0.712001
0.79315
0.745419
0.737815
0.896055
0.785398
0.896055
0.674741
0.728855
0.728317
0.733422
0.710818
-0.450553
2.67352
-0.448519
0.71416
0.753708
0.762281
0.739975
0.728855
0.68573
0.785398
0.463648
0.785398
0.68573
0.785398
0.769774
0.73936
0.722116
-0.487392
2.69873
-0.0700242
0.729776
0.758142
0.749
0.730658
0.785398
0.785398
0.643501
0.588003
0.785398
0.732815
0.764993
0.735793
0.726642
0.697757
-0.472631
3.01489
-0.46478
-0.39845
0.751854
0.724142
0.745419
0.711459
0.726642
0.785398
0.588003
0.982794
0.610726
0.711459
0.743756
0.710271
0.720009
-0.0605639
2.68935
