-1.08074
-1.8081
-1.82825
-1.77908
-1.8044
-1.77454
-1.78947
-1.79427
-1.8491
-1.76819
-1.8007
-1.80603
-1.8104
-1.77429
-1.81588
-1.7961
-1.78566
-1.06301
-1.84385
-1.7823
-1.80595
-1.77619
-1.79574
-1.78323
-1.79427
-1.8491
-1.80454
-1.81097
-1.80792
-1.77394
-1.81713
-1.78666
-1.77885
-1.80949
-1.11996
-1.79103
-1.80385
-1.77324
-1.7947
-1.79116
-1.79607
-1.80454
-1.8491
-1.83705
-1.82077
-1.77654
-1.81857
-1.78882
-1.77604
-1.7976
-1.83549
1.06392
-1.82033
-1.77759
-1.79507
-1.79204
-1.80234
-1.77619
-1.80454
-1.8314
-1.81577
-1.78947
-1.82141
-1.78878
-1.77892
-1.79836
-1.82472
-1.79321
-1.07375
-1.78666
-1.79623
-1.7896
-1.79542
-1.77334
-1.80552
-1.80454
-1.8693
-1.81577
-1.82516
-1.79462
-1.78008
-1.80097
-1.82657
-1.78246
-1.81242
-1.09622
-1.80341
-1.78852
-1.79489
-1.77004
-1.80276
-1.80634
-1.80454
-1.7976
-1.86225
-1.79427
-1.79607
-1.7982
-1.82768
-1.78106
-1.79983
-1.78549
-1.07399
-1.79756
-1.79214
-1.76695
-1.80064
-1.7982
-1.81577
-1.77829
-1.8491
-1.81577
-1.75902
-1.81054
-1.82731
-1.77646
-1.79662
-1.77223
-1.79974
1.05322
-1.80511
-1.77157
-1.80288
-1.80155
-1.81577
-1.78947
-1.8491
-1.7976
-1.78189
-1.80454
-1.83528
-1.78131
-1.79895
-1.77349
-1.79396
-1.79839
-1.07804
-1.78115
-1.80222
-1.80208
-1.81054
-1.78008
-1.83013
-1.81577
-1.81577
-1.8491
-1.83705
-1.78486
-1.80276
-1.77375
-1.79196
-1.78667
-1.80402
-1.07552
-1.81591
-1.80641
-1.81548
-1.78093
-1.82934
-1.79427
-1.79163
-1.80454
-1.8314
-1.81577
-1.81577
-1.77829
-1.79709
-1.78999
-1.79823
-1.78216
1.04684
-1.81584
-1.81225
-1.77614
-1.82201
-1.7886
-1.77787
-1.8007
-1.83705
-1.78189
-1.79427
-1.78044
-1.7976
-1.78652
-1.79406
-1.77011
-1.81458
1.0353
-1.82595
-1.77942
-1.82279
-1.7915
-1.77492
-1.7982
-1.83013
-1.80454
-1.8314
-1.80454
-1.79427
-1.78947
-1.79576
-1.77177
-1.80521
-1.81675
1.04006
-1.78617
-1.82053
-1.78659
-1.77673
-1.79922
-1.82891
-1.78947
-1.80454
-1.78189
-1.78947
-1.80189
-1.7964
-1.77066
-1.80077
-1.80267
-1.8234
1.07374
-1.83708
-1.78896
-1.77634
-1.79619
-1.82841
-1.77787
-1.80189
-1.80454
-1.81577
-1.79427
-1.79607
-1.77312
-1.80328
-1.80234
-1.81325
-1.7859
-1.1238
-1.79939
-1.78437
-1.79613
-1.82501
-1.77712
-1.80417
-1.78486
-1.80189
-1.8314
-1.80454
-1.77619
-1.80276
-1.80106
-1.81212
-1.7772
-1.83151
1.0628
