0.0184262
0.00658062
0.0219738
0.0217149
0.0215261
0.0221646
0.0230886
0.0211469
0.0230541
0.022185
0.0225622
0.0222949
0.0231862
0.0234768
0.0224851
0.00669879
0.0065545
0.0184919
0.00644507
0.0219992
0.0215472
0.0222631
0.0225434
0.0210564
0.0220342
0.0216253
0.0229165
0.0215313
0.0226416
0.0227201
0.0217973
0.0223832
0.0223505
0.00656392
0.0184787
0.00656901
0.0219092
0.0225444
0.0226177
0.0214273
0.0222063
0.0221463
0.0230346
0.0210425
0.0234495
0.0226854
0.021566
0.0221161
0.0225411
0.0228381
0.00660887
0.0185876
0.00625592
0.0223003
0.0223675
0.0214666
0.0221283
0.0217688
0.0227922
0.0204069
0.0231078
0.0226312
0.0220046
0.0222112
0.0217395
0.0219976
0.0217681
0.00633334
0.0185824
0.00672533
0.0237496
0.0225305
0.0233191
0.0231025
0.0229719
0.0221216
0.0231353
0.0218926
0.0217376
0.02177
0.0233489
0.0233749
0.0230421
0.0229652
0.00652777
0.0184709
0.00659746
0.0215471
0.0222641
0.0219006
0.0221291
0.0217474
0.0226563
0.0230796
0.0230287
0.0233237
0.0224284
0.0225034
0.0220188
0.0218942
0.0218135
0.00659079
0.0184391
0.00637451
0.0231423
0.022768
0.022893
0.0224244
0.0243856
0.0227922
0.0227019
0.0227806
0.0226228
0.0238008
0.0229104
0.0225174
0.0223528
0.0232245
0.00664969
0.0185817
0.00666879
0.0222381
0.022361
0.0214794
0.022756
0.0224777
0.0227474
0.0229013
0.0230525
0.0229165
0.0228405
0.0222122
0.0219635
0.0226209
0.0228647
0.00640747
0.0183523
0.00659279
0.0226301
0.0217093
0.0227717
0.0231006
0.0222085
0.0221116
0.0227474
0.0229013
0.0220712
0.0226803
0.0216072
0.0224115
0.0225515
0.0216559
0.00667027
0.0185181
0.00664576
0.0223951
0.023388
0.02362
0.0225111
0.0232147
0.0221725
0.0220243
0.0229207
0.0229301
0.0220642
0.0234918
0.0234409
0.022537
0.023419
0.00661221
0.0183926
0.00620105
0.0223586
0.0225299
0.0213161
0.0218566
0.0222135
0.0229719
0.0215795
0.0216291
0.021333
0.022315
0.0226197
0.0217066
0.0223943
0.0222799
0.00646085
0.0187181
0.00654201
0.0229095
0.021688
0.0219448
0.0222171
0.0226507
0.0228897
0.0221726
0.0217744
0.0219239
0.0234499
0.0212855
0.0222184
0.0221136
0.0224091
0.00623748
0.0185138
0.00657834
0.0218803
0.0221939
0.0225209
0.0226582
0.0224361
0.0227409
0.0212217
0.0217744
0.0250909
0.0208805
0.0221798
0.0218836
0.0221423
0.0214265
0.0065476
0.0184315
0.00637588
0.0225323
0.0224779
0.0225468
0.0220883
0.0220822
0.0214947
0.0221993
0.0263766
0.0211904
0.0218961
0.0221202
0.0223276
0.0215243
0.0229268
0.00660389
0.0185713
0.00642764
0.00676427
0.0233544
0.022872
0.0226223
0.0221804
0.0227074
0.0264075
0.0217388
0.021984
0.0215094
0.0220578
0.0211357
0.0224813
0.0228415
0.00633298
0.0184607
