0.0177157
0.00766917
0.0258723
0.0257438
0.0253141
0.0259942
0.0275274
0.0240638
0.0245844
0.0252043
0.0269348
0.0267896
0.027871
0.0282699
0.0267573
0.0078343
0.00761544
0.0177541
0.00748292
0.0260606
0.025508
0.0263913
0.0266145
0.0243937
0.0252185
0.0246777
0.0263941
0.0253295
0.0272829
0.0271243
0.0258022
0.0264542
0.0263776
0.00764145
0.0178372
0.00767707
0.0259498
0.0268976
0.0271445
0.0255663
0.0253841
0.0252466
0.0246182
0.024067
0.027554
0.0270331
0.025388
0.0260944
0.0269314
0.0272781
0.00770839
0.01789
0.00723595
0.0262832
0.0265572
0.025375
0.0264254
0.0249253
0.0252071
0.0230991
0.0264019
0.0263854
0.0261996
0.0265447
0.0257648
0.0260047
0.0255922
0.00733896
0.0179845
0.00788578
0.0284812
0.0270361
0.0280447
0.0277547
0.0275212
0.0251925
0.0263732
0.0251944
0.0258851
0.025383
0.02796
0.0280898
0.0275411
0.0275114
0.00761596
0.0177446
0.00770679
0.0253972
0.0264698
0.0258414
0.0259907
0.025389
0.0264489
0.0263096
0.0277303
0.0275076
0.0253776
0.0268151
0.02597
0.0259149
0.0255997
0.00765262
0.0176936
0.00747394
0.027835
0.0272859
0.0274025
0.0270699
0.0287954
0.0276933
0.028344
0.0263643
0.0264098
0.0287296
0.0274547
0.0270549
0.0267083
0.0277716
0.0078347
0.0179369
0.0077926
0.0261783
0.0264644
0.025496
0.0272725
0.0258706
0.0276734
0.0263766
0.0263971
0.0263643
0.0269178
0.0266099
0.0260356
0.0269291
0.027278
0.00747514
0.0176748
0.00765662
0.026765
0.0257505
0.027133
0.0277224
0.0269289
0.0264075
0.0263556
0.0263766
0.025161
0.0263817
0.0254094
0.0265118
0.026771
0.0255604
0.00778342
0.0178028
0.00777894
0.0267572
0.028236
0.0284794
0.0268033
0.0275212
0.0253504
0.0252071
0.024639
0.0251833
0.0258956
0.0277376
0.0282728
0.0270274
0.0281916
0.00773031
0.0177888
0.0071788
0.0264354
0.0268076
0.0250818
0.0255908
0.0263779
0.0275212
0.0252185
0.0246273
0.0241334
0.0259008
0.0268151
0.0257647
0.0266988
0.0263468
0.00748904
0.0180818
0.00762518
0.0272674
0.0256333
0.0259301
0.0264581
0.0270463
0.0264252
0.0252766
0.0246777
0.0252304
0.028112
0.0252065
0.0264446
0.0261254
0.0264425
0.00721804
0.0178056
0.00772204
0.0258276
0.0263114
0.026845
0.0271452
0.0268525
0.0264848
0.0252466
0.024623
0.0307458
0.0244199
0.0263644
0.0259579
0.0262756
0.0253735
0.00764367
0.0177032
0.00739898
0.0267409
0.0265186
0.0267446
0.0261876
0.0262826
0.024455
0.0252466
0.0307728
0.0252093
0.0258359
0.0264169
0.0265447
0.025701
0.0274263
0.00777971
0.0179656
0.0074573
0.00791822
0.0279072
0.027296
0.0271336
0.0264332
0.0269965
0.0307613
0.0245828
0.025135
0.0249046
0.0257766
0.025142
0.0267083
0.0271663
0.00731313
0.0178067
