-0.738509
2.42177
2.40837
2.40138
2.39066
2.38874
2.39321
2.35619
2.43934
2.41169
2.39321
2.41274
2.40858
2.41793
2.43492
2.41767
2.40994
-0.733411
2.39475
2.38864
2.37736
2.37048
2.36563
2.36743
2.38321
2.39617
2.35619
2.41495
2.40828
2.4036
2.42427
2.41532
2.38388
2.40586
-0.745332
2.41504
2.41643
2.41038
2.4036
2.39221
2.39147
2.38321
2.43934
2.33056
2.36885
2.36572
2.38387
2.37245
2.39983
2.42401
2.41225
-0.740529
2.40129
2.40246
2.3953
2.389
2.38397
2.36769
2.35619
2.35619
2.41495
2.36854
2.39765
2.38302
2.37361
2.39935
2.3967
2.40264
-0.741939
2.41639
2.42232
2.41397
2.40898
2.39501
2.38119
2.38321
2.4859
2.38321
2.40267
2.36977
2.39066
2.41096
2.4096
2.42035
2.41392
-0.738642
2.40791
2.40454
2.39438
2.38246
2.38397
2.36796
2.32763
2.43934
2.41169
2.36885
2.38
2.38936
2.38799
2.39988
2.40576
2.40756
-0.739107
2.40846
2.41147
2.39971
2.39117
2.38905
2.39514
2.35619
2.39617
2.35619
2.35619
2.38183
2.38034
2.39429
2.39804
2.40818
2.41066
-0.739401
2.41481
2.41155
2.40156
2.3959
2.39923
2.36854
2.41169
2.39965
2.43934
2.4371
2.39321
2.39803
2.39857
2.40146
2.41511
2.41273
-0.735042
2.41248
2.41143
2.40022
2.4057
2.38058
2.45345
2.35619
2.38476
2.39965
2.38476
2.38
2.38346
2.39042
2.40483
2.41011
2.41496
-0.738086
2.4111
2.41575
2.40604
2.39617
2.39391
2.38058
2.34443
2.35619
2.39617
2.38321
2.38
2.4005
2.4036
2.40834
2.42232
2.41349
-0.742475
2.40153
2.40221
2.38444
2.39043
2.36537
2.37966
2.41784
2.35619
2.39617
2.40878
2.38
2.38476
2.38585
2.39403
2.40484
2.40205
-0.742895
2.40789
2.4035
2.40878
2.38084
2.36867
2.37989
2.36854
2.38321
2.39617
2.32917
2.39415
2.39189
2.40446
2.39818
2.40988
2.4076
-0.741888
2.39752
2.4076
2.38678
2.41242
2.42009
2.40333
2.40378
2.40878
2.47562
2.38844
2.34496
2.37015
2.37896
2.38468
2.39708
2.40274
-0.745097
2.42365
2.41734
2.37796
2.38724
2.37038
2.3608
2.35619
2.38321
2.45586
2.40878
2.45115
2.40289
2.41558
2.42603
2.4316
2.41283
-0.735626
2.38451
2.42088
2.44601
2.42755
2.41623
2.40731
2.40494
2.42276
2.39617
2.38321
2.35619
2.36537
2.36975
2.38088
2.37805
2.39917
-0.74802
