3.12738
-3.13725
3.14159
-3.1382
3.14159
-3.13378
3.14159
3.14159
-3.07502
-3.09617
-3.12076
-3.13353
-3.13518
-3.13039
-3.13664
-3.13605
-3.13728
3.12875
3.1401
-3.13984
3.13935
3.14159
3.14159
3.14159
3.14159
3.14159
3.14159
-3.12199
-3.1334
-3.13222
-3.13933
-3.13715
3.14159
-3.13943
3.13203
-3.13484
-3.13635
-3.13448
-3.13222
-3.1339
-3.12199
3.14159
3.14159
3.14159
3.14159
-3.13346
3.13867
3.14044
-3.13449
-3.13426
-3.13902
3.12633
-3.14103
-3.13894
-3.13809
-3.13867
-3.13366
3.14159
3.14159
3.14159
-3.09401
-3.12119
3.14159
-3.13853
3.14159
-3.14045
3.13944
-3.13839
3.12843
-3.13369
-3.13058
-3.13326
-3.13192
-3.13326
-3.12032
-3.09617
-3.07029
3.14159
3.14159
3.14159
-3.13319
-3.13188
-3.13674
-3.13142
-3.13637
3.12624
-3.13663
-3.13903
-3.1381
-3.13862
3.14159
3.14159
3.14159
-3.07029
3.14159
-3.12032
3.14159
-3.13353
3.14159
-3.13703
-3.13944
-3.13718
3.12672
-3.1377
-3.13597
-3.13678
-3.13844
-3.13346
-3.11937
-3.09163
-3.06482
-3.09401
3.14159
-3.11937
3.14159
-3.13848
-3.14042
-3.1374
-3.1362
3.1257
-3.13467
-3.13454
-3.1381
-3.13573
-3.1334
-3.1216
3.14159
3.14159
3.14159
-3.09401
3.14159
-3.13359
-3.1386
-3.13568
-3.1338
-3.13606
3.12579
-3.13603
-3.13799
-3.13933
-3.13534
-3.13326
-3.12076
3.14159
3.14159
3.14159
3.14159
-3.12119
3.14159
-3.13854
-3.1357
-3.13686
-3.13544
3.1258
-3.13744
-3.13619
-3.13537
-3.13176
-3.13353
-3.12032
3.14159
3.14159
3.14159
-3.09617
-3.1216
-3.13326
-3.13182
-3.13447
-3.13257
-3.135
3.12983
-3.14016
-3.13937
-3.13688
3.14159
3.14159
-3.13366
-3.12032
3.14159
-3.07502
3.14159
3.14159
-3.13353
-3.13863
-3.13806
-3.13761
-3.14
3.12834
-3.13821
-3.13334
-3.14046
-3.13861
-3.13854
-3.13346
3.14159
3.14159
3.14159
3.14159
3.14159
-3.13402
-3.1355
-3.137
-3.13848
-3.139
3.12965
-3.13518
-3.14116
-3.14044
-3.13686
-3.13534
3.14159
-3.12119
3.14159
-3.07502
-3.08609
3.14159
-3.13366
-3.13861
3.14159
-3.13988
-3.13909
3.12527
-3.14017
-3.13755
-3.13802
-3.13806
3.14159
-3.13372
3.14159
3.14159
3.14159
3.14159
-3.1216
-3.13366
-3.13853
-3.1382
-3.13699
-3.13419
3.13092
-3.13939
-3.13508
-3.13315
-3.13799
-3.13536
-3.13366
-3.12076
-3.08609
-3.07502
-3.09617
3.14159
3.14159
3.14159
-3.13925
-3.13566
-3.14131
3.12819
