-0.478829
0.542223
0.410336
0.206934
0.150584
-0.012084
-0.157769
-0.427735
-0.0263097
-0.222661
-0.25963
0.116193
0.133964
0.455988
0.468679
0.444078
0.419806
-0.531248
0.303498
0.102442
0.0532012
-0.129924
-0.268522
-0.383177
-0.292912
-0.489957
-0.505581
0.0128198
0.0769988
0.353287
0.392222
0.421601
0.161896
0.397859
-0.430657
0.345233
0.387644
0.200627
0.0853949
-0.0477249
-0.141897
-0.301951
-0.375961
-0.613207
-0.319329
-0.0345774
0.0167649
0.0253176
0.120023
0.390088
0.396443
-0.427222
0.473103
0.39971
0.275558
0.191007
0.0821675
-0.133431
-0.385883
-0.390607
-0.161837
-0.0891936
-0.063407
-0.0478431
0.148368
0.432475
0.461473
0.401022
-0.500593
0.311677
0.228533
0.117171
0.0148638
-0.133227
-0.355858
-0.356912
-0.0540015
-0.0791991
-0.0277706
0.00895498
-0.0986548
0.152238
0.17927
0.232954
0.380032
-0.431349
0.41229
0.404308
0.254416
0.133582
-0.0239475
-0.130639
-0.399221
0.252554
-0.18132
-0.32905
-0.0974349
0.169251
0.215015
0.261286
0.454
0.408096
-0.475832
0.367271
0.312495
0.186695
-0.0100122
-0.0416426
-0.14816
-0.233743
-0.348771
-0.337456
-0.469977
-0.0147048
0.020646
0.111458
0.27883
0.325215
0.379439
-0.461772
0.40765
0.357979
0.134807
0.107724
0.06852
-0.103334
-0.154997
-0.160763
-1.1659
-0.0665682
-0.382985
-0.330297
-0.143571
-0.145857
0.00583358
0.26015
-2.49226
1.20795
1.32053
1.269
1.27039
1.20203
1.26041
0.693069
-0.0119042
-0.0665682
0.745419
0.902507
1.15875
1.18634
1.32279
1.41529
1.22699
-2.49308
0.165852
0.00593154
-0.1092
-0.0634598
-0.255617
-0.547562
-0.098274
-0.183622
-0.104877
-0.326827
-0.104877
0.00332225
0.116792
0.184219
0.345522
0.396764
-0.406806
0.458709
0.457791
0.474787
0.328003
0.141069
1.03038
1.05719
0.446842
0.0243854
-0.150371
-0.341356
-0.237506
-0.1655
-0.0274441
0.114807
0.247148
-2.47446
1.12173
1.48494
1.31384
1.09565
-0.247204
-0.230016
-0.398214
-0.510488
0.343024
0.256151
0.849825
1.03268
1.20336
1.23023
1.2795
1.15144
-2.51615
0.401237
0.0790965
-0.109383
0.563419
0.589185
0.397182
0.176122
-0.0178552
0.25169
-0.410717
-0.419477
-0.121619
0.0148222
0.005102
0.235978
0.346206
-0.588613
0.65197
0.658145
1.06713
1.11312
0.936109
0.710069
0.610074
0.496423
0.0499584
-0.275806
0.342296
-0.0156727
0.0303355
0.225548
0.313296
0.627688
-2.36967
0.969166
0.326895
0.225909
0.0278113
-0.200673
-0.24637
-0.441358
-0.526943
0.173246
0.538222
0.696084
0.768851
0.918696
1.05553
1.29401
1.04559
-2.54469
