0.0131872
0.00661115
0.0215828
0.0210426
0.0204722
0.0208396
0.0206511
0.017826
0.0201326
0.0203225
0.020421
0.0206512
0.0219085
0.0224501
0.0217616
0.00669752
0.00660187
0.0131724
0.00647642
0.0215041
0.0207197
0.0211948
0.0209736
0.0193744
0.0190297
0.0208896
0.0203071
0.0196557
0.0212411
0.0216004
0.0209259
0.0218825
0.0219019
0.00661486
0.0131509
0.00660605
0.0214506
0.0217305
0.0215284
0.0200658
0.020369
0.019913
0.0211445
0.0180931
0.0209752
0.0212092
0.0205452
0.0213918
0.021842
0.0224039
0.00665726
0.0131453
0.00629438
0.0217737
0.0215143
0.0202708
0.0206738
0.0198001
0.0196929
0.0181204
0.0216553
0.021061
0.0205076
0.0212777
0.0209747
0.0214534
0.0215923
0.00638183
0.0132984
0.00658279
0.0222659
0.0207975
0.0213154
0.0206267
0.0202056
0.0201648
0.0217744
0.0194873
0.019545
0.0205238
0.0208351
0.0212881
0.0213138
0.0215516
0.00639249
0.013177
0.00663905
0.0213315
0.0216519
0.0211774
0.0212334
0.0199679
0.0197238
0.0201156
0.0205975
0.020421
0.0209269
0.0213424
0.0213139
0.0214059
0.0216457
0.00664488
0.0131584
0.00625152
0.0217227
0.0210759
0.0209819
0.020045
0.0210869
0.0196066
0.0192125
0.019683
0.019113
0.0207576
0.0205352
0.0205919
0.0206658
0.0218292
0.00650508
0.0130917
0.00670796
0.0220458
0.0218332
0.020726
0.0215658
0.0208108
0.0193279
0.0197667
0.0197821
0.0201455
0.0208913
0.0207698
0.0208401
0.0218195
0.0223714
0.00643443
0.0131942
0.00660479
0.0220615
0.0207715
0.0214666
0.0213358
0.0201789
0.0198818
0.0200106
0.0190185
0.020558
0.0205337
0.02046
0.0215811
0.021937
0.0214131
0.00669396
0.0131664
0.00652331
0.0210904
0.0216294
0.0216194
0.0203298
0.0205157
0.0210815
0.0194851
0.0205009
0.0187276
0.0191947
0.0209232
0.0211319
0.0205595
0.0216635
0.00642895
0.0140076
0.00627095
0.0218847
0.0217851
0.0204562
0.0204685
0.0204821
0.0210714
0.0189518
0.019818
0.0196986
0.0205666
0.0210598
0.020447
0.021458
0.0215885
0.00651742
0.0130561
0.00653284
0.0221034
0.0206979
0.0206766
0.020968
0.0210807
0.0207847
0.0202113
0.0197019
0.018862
0.0210862
0.0201086
0.0211886
0.0212824
0.021906
0.00628551
0.0131646
0.00656723
0.0213663
0.0213464
0.021353
0.0211738
0.0206242
0.020399
0.0188851
0.0196187
0.0205853
0.0190147
0.0203974
0.0206247
0.0211021
0.0207622
0.00651908
0.0136221
0.00635851
0.0216837
0.0220689
0.0218438
0.0211831
0.0208393
0.0198815
0.0200292
0.0211445
0.0186534
0.0200493
0.0203325
0.0209788
0.0204526
0.0221492
0.00656698
0.0130956
0.00648568
0.00676806
0.0226996
0.0219516
0.0214658
0.0207936
0.0208482
0.0213766
0.0196697
0.0196075
0.0196829
0.0205709
0.0201576
0.0217279
0.0223384
0.00637183
0.0131628
