0.0555336
0.0144018
0.0529494
0.0513047
0.0488507
0.0520864
0.053869
0.0524521
0.0538205
0.0537404
0.0541089
0.0580433
0.0540799
0.0531138
0.0518928
0.0155457
0.0154739
0.0557553
0.0160258
0.0529655
0.0520394
0.0499549
0.0556165
0.0536812
0.0542512
0.0522313
0.0520257
0.0551181
0.05626
0.0510826
0.049522
0.0514572
0.0527206
0.0146398
0.0554693
0.0154711
0.0517756
0.0509478
0.0515291
0.0534488
0.0541794
0.0526089
0.05254
0.0557311
0.0565181
0.0549384
0.0504201
0.0517814
0.0524402
0.0475186
0.0158467
0.0555864
0.0156118
0.0513134
0.0531906
0.0508483
0.0546801
0.0525308
0.0525964
0.0555987
0.0562001
0.054391
0.0527256
0.0513189
0.0525438
0.0470828
0.0540415
0.0157266
0.0556936
0.0153143
0.0538112
0.0526549
0.051278
0.0530962
0.0531114
0.0560492
0.0566615
0.0545964
0.0522394
0.0564297
0.0551588
0.0478108
0.0544128
0.0531517
0.015511
0.055732
0.0156909
0.0524149
0.0527176
0.0493597
0.0528331
0.0559193
0.0563438
0.0548589
0.053155
0.0564814
0.0541078
0.084056
0.0533725
0.0522449
0.0519388
0.0152049
0.0553927
0.0159212
0.0539687
0.0516851
0.0501066
0.057124
0.0577644
0.055574
0.0528859
0.0556842
0.0554571
0.0858877
0.0577435
0.0539844
0.053183
0.0527035
0.0162267
0.0554842
0.0154976
0.0502455
0.0498786
0.0510855
0.0559543
0.0538939
0.0522204
0.0561791
0.0547253
0.0832979
0.0552686
0.0542279
0.0511861
0.050709
0.0529568
0.0153152
0.0556078
0.0151848
0.0514925
0.0540675
0.0520834
0.0555743
0.053135
0.0564803
0.0575487
0.0854916
0.055198
0.0536101
0.054387
0.0502885
0.0523842
0.0517244
0.0156449
0.0556481
0.0155597
0.0570804
0.0561472
0.0539794
0.0560354
0.0597981
0.053297
0.0829962
0.0567628
0.0574022
0.0582314
0.0575025
0.0564074
0.0559608
0.05666
0.0157058
0.0557126
0.0156384
0.0517472
0.0507107
0.0478795
0.0551846
0.0550668
0.0851215
0.056153
0.0546245
0.0544531
0.0532007
0.0556492
0.0522129
0.0526317
0.051186
0.0149402
0.0554776
0.0160339
0.0526497
0.0508858
0.0510645
0.0537811
0.0885056
0.0589459
0.0568104
0.0556292
0.0529627
0.054555
0.0533753
0.0517415
0.0502852
0.0503004
0.0161438
0.0554185
0.0160007
0.0531739
0.0548512
0.055353
0.0490585
0.0590771
0.0573426
0.0571133
0.0548329
0.0567224
0.0550381
0.056614
0.0526354
0.0520349
0.0551235
0.0161828
0.0554268
0.015697
0.0549016
0.05273
0.0472929
0.0524671
0.0545281
0.0545609
0.0533905
0.0565493
0.0565959
0.0577471
0.0565514
0.0539693
0.0568657
0.0566486
0.0162121
0.0555831
0.0158067
0.0157152
0.0481418
0.0546589
0.0518753
0.0552395
0.0538778
0.0556367
0.0539869
0.054785
0.0535403
0.054287
0.0540931
0.0537986
0.0530138
0.0154204
0.0555075
