2.31936e-005
-0.001571
3.67427e-005
0.00160085
-0.00229647
0.00139043
-0.000832767
-0.00190177
0.000373462
0.00172299
-0.00339926
-0.0031244
-1.70363e-006
-0.00156385
0.00327436
-4.7855e-005
-0.000288857
-0.000788026
0.00185786
0.00418721
0.00158916
0.00386273
0.00145908
0.00164531
0.00172299
-0.00281874
-0.00568224
-0.00272021
0.000180599
-0.00225598
0.00228831
-0.000911677
0.00264979
0.000299087
0.000748665
0.00133883
-0.00264173
0.000757642
-0.00180669
-0.00144263
-0.0016834
0.00168179
-0.00246373
0.00180648
0.00360876
-1.8277e-006
0.00547197
0.00226339
0.000689736
-0.00057225
0.000244588
0.000757406
-0.00346753
-0.000860321
-0.00397226
-0.00402597
-0.00416702
-0.00169935
-0.00568401
0.00218621
0.00181907
-0.00181349
0.00429777
0.00109458
-0.00342631
-0.0048269
-0.00366377
-0.000593755
-0.00163727
0.00372141
0.00176513
0.00234406
0.00232313
0.00300129
0.00156985
0.00227309
-0.000346231
-0.00368325
-0.000191599
-0.00448352
0.0030083
0.00171641
0.00322186
0.00547073
0.000490912
0.00159465
-0.00361133
-0.00483793
-0.00551812
-0.00334857
-0.00562794
-0.00366769
-0.00227401
9.2889e-007
0.00360999
0.00356201
-0.00277089
-0.00588899
-0.0035986
-0.00232854
-0.0050268
-0.000550748
-0.0015854
0.000610423
0.00186988
0.00384576
-2.38112e-006
0.00165262
0.00264567
4.1319e-007
0.00573258
-0.00653551
0.000215293
-0.000196272
0.000167002
0.00344543
4.81663e-006
0.00325935
4.96211e-006
5.33646e-006
-6.36757e-005
0.00149005
-0.00221395
1.91451e-006
0.00165715
6.22517e-007
0.00379106
0.00302417
0.00334508
-0.00329534
0.00261235
0.0031112
-3.02095e-006
0.00307785
-3.71083e-005
2.89718e-005
-2.23504e-005
0.00155355
-0.00173239
4.8756e-006
0.00118639
-4.78896e-006
0.00410181
-0.000214819
-0.000234335
-0.000634568
-4.56758e-006
0.00420302
0.00145736
0.00445254
0.000777243
0.000839064
0.000267718
0.000779227
-0.00342344
-0.00255231
-0.00166097
-0.00310589
0.00165901
-0.000104335
0.00578961
-2.7444e-006
0.00269186
-0.0018672
-0.00368106
-4.10205e-006
-0.00378612
-0.00339479
-0.00355989
-0.000567244
-0.00161889
0.00194926
0.005079
0.00308248
0.0081422
0.00601956
-0.000160313
-4.10679e-006
0.00220896
0.00629911
0.00348717
0.00505151
0.00302933
0.00276079
0.00243318
0.00416273
0.000188345
0.00069041
0.00125704
-0.0011802
0.00379894
0.000584386
-0.0011929
-0.00307234
-9.87507e-005
-0.000217217
0.00364093
0.000218656
0.000747404
-0.000176397
0.000627616
0.00220833
-0.000816575
0.000302683
0.000768966
-0.00194809
0.00216404
-0.00080851
0.00241318
0.00116858
0.00310209
0.00446002
-0.00203221
0.00593204
-0.0020435
-0.00279442
-0.00306959
-0.00119691
-0.00460991
-0.00245776
-0.000314223
-0.000848908
0.00499456
0.00238438
-0.00603042
-0.00768139
-0.00592858
-0.00447439
-0.00771872
-0.00382909
-0.00374609
0.00223592
0.00362613
0.00319591
0.00174964
0.00341561
0.00448782
0.000865666
0.00230896
-0.00395421
0.000612662
0.000336986
0.00161318
0.00344515
-9.16003e-007
0.00416436
0.00200412
-0.00581508
-0.00374545
-0.00599423
-0.00884448
-0.0065945
-0.00555385
-0.00658184
-0.000526666
-0.0015582
