0.0247213
0.0114729
0.0528613
0.0511099
0.0524241
0.0501888
0.0543835
0.0528745
0.0542066
0.053884
0.0550563
0.0561062
0.0568188
0.0527354
0.0515244
0.0156182
0.0176859
0.0167894
0.0179124
0.0520599
0.0509905
0.051907
0.052735
0.0532966
0.0538587
0.0523581
0.052674
0.0565133
0.0549339
0.0530428
0.0496947
0.0516455
0.051925
0.0115639
0.0247545
0.0174716
0.051862
0.0509734
0.0544971
0.0518263
0.0548058
0.0529725
0.0527356
0.055461
0.056895
0.0527601
0.0509225
0.0509691
0.0525541
0.0476266
0.0178719
0.0243526
0.0162832
0.0507027
0.0524338
0.0523073
0.0519687
0.0523472
0.0526752
0.0557914
0.0567922
0.0555477
0.0516996
0.0548791
0.052768
0.0465454
0.0532928
0.0176429
0.0226988
0.0170574
0.0539792
0.052761
0.0547142
0.0513355
0.0537841
0.0568816
0.0567527
0.0545339
0.0527953
0.053892
0.0541163
0.0536996
0.0543158
0.053079
0.0162953
0.023639
0.0173412
0.052321
0.052395
0.0515558
0.0507224
0.0561716
0.0568158
0.0550993
0.0533651
0.0578051
0.0555057
0.0530799
0.0552499
0.0523851
0.0520457
0.0169073
0.024408
0.0182342
0.0531097
0.0507476
0.0522315
0.0539374
0.0573581
0.0554309
0.0531543
0.0561258
0.0553883
0.106452
0.0554729
0.0540359
0.0522737
0.0518864
0.0178388
0.0248442
0.0177004
0.0503955
0.0498866
0.0543806
0.0538647
0.054507
0.0525971
0.0561268
0.0551693
0.10356
0.0565341
0.0530986
0.0534716
0.0507058
0.0529234
0.0176418
0.0247752
0.017059
0.0511607
0.0536239
0.0560193
0.0531932
0.053204
0.0566496
0.0579557
0.106331
0.0553803
0.0544807
0.0527286
0.051699
0.0521198
0.0515092
0.0178145
0.0240551
0.0168022
0.056978
0.0559417
0.0572218
0.0539761
0.0602823
0.0536881
0.103138
0.0570825
0.0578839
0.0597789
0.0561025
0.0582616
0.0558782
0.0564949
0.0177507
0.022815
0.016942
0.0516861
0.0506253
0.0506648
0.0527586
0.0524557
0.104636
0.0561606
0.0548323
0.0548267
0.0546829
0.0545351
0.0531945
0.052864
0.0513775
0.0160927
0.0239955
0.0161245
0.0519481
0.0500887
0.0550484
0.0561949
0.0552971
0.0590506
0.0571552
0.0555448
0.0529266
0.0552414
0.0517738
0.0529454
0.0497352
0.0497416
0.0174002
0.0225628
0.0174285
0.0529552
0.054478
0.0543082
0.0551036
0.0558782
0.056824
0.0567002
0.0550505
0.0569035
0.0560923
0.055199
0.05328
0.0518391
0.0549631
0.0163684
0.0241547
0.0167221
0.0539846
0.0521235
0.0466871
0.0546385
0.0520071
0.0543666
0.0533784
0.0562526
0.0561841
0.0586802
0.0546107
0.0549018
0.0561032
0.0558479
0.0175663
0.0229602
0.0158161
0.0179238
0.0481192
0.0543764
0.0541247
0.052805
0.0542266
0.055816
0.0540451
0.0546947
0.0538658
0.0521314
0.0552231
0.0528398
0.0521592
0.016397
0.0219229
