0.0186125
0.0189724
0.0298175
0.0335576
0.0345956
0.0339897
0.0327187
0.0313247
0.0292775
0.028071
0.0258455
0.0259309
0.0253485
0.0252743
0.0239148
0.0189713
0.0189255
0.0186262
0.0190286
0.0242937
0.0258404
0.0255278
0.0261224
0.026906
0.0278831
0.0299439
0.030288
0.0329644
0.0334071
0.0335163
0.0321975
0.0301541
0.0292275
0.0190456
0.0186292
0.0190042
0.0270949
0.0294202
0.0302257
0.0304963
0.0300573
0.0304314
0.0290849
0.0298429
0.0294263
0.0290829
0.0286341
0.0299574
0.0330279
0.0260257
0.0189563
0.0186296
0.0189398
0.0250171
0.0272061
0.0274472
0.0275872
0.0285496
0.0281662
0.0300843
0.0305769
0.0312065
0.0310682
0.0329034
0.0327095
0.0275654
0.0267216
0.0189272
0.0186322
0.0190948
0.0248749
0.0269254
0.0270016
0.0279123
0.0272331
0.0288834
0.0293428
0.0299082
0.0299383
0.0319471
0.034642
0.0241338
0.0271878
0.0252272
0.0190271
0.0186426
0.0189966
0.0264739
0.0288278
0.029924
0.0290606
0.0301188
0.0297673
0.0296771
0.0287724
0.0307033
0.0363284
0.022508
0.0266099
0.0263138
0.0246694
0.0190723
0.0186306
0.0189403
0.0267987
0.0302294
0.0297194
0.0310931
0.0305959
0.0302962
0.0292125
0.0307775
0.0283514
0.0305322
0.0301861
0.0298541
0.029168
0.0264479
0.0189383
0.0186217
0.019034
0.0255082
0.0264543
0.0277903
0.0279474
0.0282857
0.0280504
0.0302905
0.0251892
0.0330761
0.030229
0.0300927
0.0300204
0.0290722
0.0267866
0.0189409
0.018641
0.0190524
0.023617
0.0265005
0.02667
0.0269623
0.0268971
0.028698
0.0297709
0.027609
0.0284153
0.0283489
0.0280547
0.0276529
0.0275597
0.0253785
0.0190796
0.0186275
0.0191019
0.0260268
0.028529
0.0290729
0.0289731
0.0304783
0.0295967
0.0283919
0.0287026
0.0284167
0.0281404
0.0275305
0.0275957
0.0270033
0.0245704
0.019009
0.0186435
0.0189927
0.0262016
0.0289209
0.02907
0.0308909
0.0242942
0.0338887
0.029246
0.0294084
0.0293293
0.0296516
0.029577
0.0295873
0.0284151
0.0264418
0.0190471
0.018635
0.0190454
0.0253667
0.0269742
0.0283852
0.0270847
0.0317517
0.0295345
0.0292565
0.0288899
0.0285306
0.028342
0.0281754
0.0275628
0.027663
0.0247029
0.0190081
0.0186392
0.018987
0.0256346
0.0295632
0.0298639
0.0324163
0.0319756
0.0311556
0.0302929
0.029476
0.0287135
0.0282466
0.0272581
0.027543
0.0262343
0.0256001
0.0189773
0.0186283
0.0190514
0.028628
0.0241589
0.0326348
0.0293146
0.0290967
0.0291394
0.0293129
0.0297389
0.0303058
0.0302909
0.0308206
0.0295884
0.0300024
0.0270166
0.0189788
0.0186408
0.0189542
0.0190558
0.0283177
0.0285735
0.0283202
0.0286173
0.0285425
0.0289398
0.0297408
0.0297779
0.0307737
0.0296707
0.0306759
0.0296986
0.0270247
0.0190472
0.0186227
