0.0139758
0.0137906
0.0290079
0.0300917
0.036842
0.0320256
0.0300955
0.0296415
0.0271313
0.0251476
0.0238872
0.0238277
0.0219553
0.0234089
0.0221824
0.0141889
0.0137262
0.0136175
0.013834
0.0216406
0.0229804
0.0231172
0.0229685
0.0236187
0.0259156
0.0291288
0.0294544
0.0327995
0.0333834
0.0354001
0.0321879
0.030003
0.0292995
0.0137527
0.0136012
0.0143365
0.0253097
0.0267124
0.0266569
0.0271167
0.0274712
0.0282043
0.0273721
0.0283271
0.0268783
0.0285854
0.0272145
0.0285697
0.0341749
0.0227464
0.013852
0.0139554
0.012868
0.0235805
0.0249107
0.0251679
0.0261062
0.0272392
0.0266637
0.0282608
0.0283534
0.0292653
0.0285769
0.0305418
0.0433438
0.0214155
0.0240615
0.013856
0.0130528
0.0148919
0.0224592
0.0238594
0.0241903
0.0253759
0.0245728
0.0264251
0.026726
0.0305901
0.0287702
0.0318736
0.029
0.0235547
0.0244581
0.0236698
0.0137576
0.0140319
0.0138356
0.0239098
0.0259942
0.0273634
0.026836
0.0283867
0.0292708
0.0262963
0.0267639
0.0273349
0.0334768
0.0209934
0.023329
0.0244994
0.0223757
0.0138541
0.0137225
0.0138668
0.0252958
0.0286496
0.0283386
0.0298624
0.0293743
0.0279914
0.0273952
0.028073
0.0310499
0.0241082
0.0265577
0.0280259
0.0257263
0.0240665
0.0139302
0.0137127
0.0140284
0.0243802
0.0252352
0.0267487
0.0280396
0.0265595
0.02694
0.0289779
0.0280587
0.0249211
0.0267857
0.0282054
0.0258421
0.0256845
0.0248429
0.0138938
0.0138568
0.0141846
0.0229168
0.0258808
0.0273033
0.0257936
0.0265203
0.0281312
0.0254773
0.0276811
0.0270256
0.0279054
0.0261049
0.0260568
0.0268528
0.0246524
0.0141065
0.0139512
0.0141845
0.0242013
0.0272525
0.0256245
0.0265779
0.0279333
0.0243273
0.0309652
0.0272599
0.0269832
0.0262747
0.0255234
0.0265825
0.0260293
0.0234005
0.0141583
0.0139097
0.0140917
0.0251317
0.0258216
0.0269266
0.0280885
0.0225821
0.0316773
0.0278405
0.0274678
0.0268418
0.0273035
0.0282633
0.0280851
0.026479
0.0245788
0.0140476
0.0138943
0.0146831
0.0234167
0.02549
0.0267084
0.0202386
0.0412844
0.0290913
0.0258578
0.0295366
0.0265427
0.026717
0.0270173
0.0264482
0.0264417
0.0237139
0.0141144
0.0139739
0.0128436
0.0235065
0.0259571
0.0265748
0.0280652
0.0283167
0.0296431
0.0251186
0.0273083
0.0289988
0.0281318
0.0252272
0.0242487
0.0235394
0.0234292
0.0137101
0.0130696
0.0153634
0.0264074
0.0207835
0.0338827
0.0280675
0.0250856
0.0290292
0.0273486
0.0267605
0.0274571
0.0280133
0.0282893
0.0276404
0.0280721
0.0247398
0.0140703
0.014324
0.0135197
0.0148079
0.0283683
0.0285247
0.0272932
0.0280344
0.0275719
0.0279943
0.0284361
0.0278811
0.0278201
0.0263424
0.0267762
0.0245295
0.0246966
0.0139907
0.0135666
