1.10879
0.622114
2.06125
0.901157
0.515748
0.686485
0.610726
0.0499584
-0.137066
1.25106
-0.161092
-0.17301
1.43387
0.0368497
0.358119
0.930919
0.556528
-2.05392
0.539792
1.43517
1.19662
1.3597
1.30209
0.812419
0.654571
2.04488
0.570383
0.50456
2.00705
0.643501
0.815897
0.994063
2.53249
1.24584
-2.56609
1.52678
1.29221
1.43997
1.33489
0.997542
0.898549
2.30956
0.822418
0.72799
2.18656
0.821097
0.923749
1.03546
2.81885
1.42372
0.471316
-1.77235
1.19694
0.998417
0.778405
0.494526
0.458817
1.96932
0.622032
0.671606
2.60504
1.23247
1.40917
1.57893
2.29761
1.08344
2.35466
1.09657
-2.30692
1.09296
0.431871
-0.0793311
-0.0882059
1.44683
-0.0561208
-0.14889
1.92206
0.519146
0.885975
1.09244
1.60454
0.348771
1.8283
0.628796
2.28628
2.47066
-0.826612
0.179853
0.0572622
1.53056
-0.0405184
-0.197396
1.18357
-0.14531
0.0665682
0.197396
1.34794
-0.431139
1.03523
0
0.200399
0.962744
-2.32311
0.853962
0.895088
2.55287
1.04432
0.745945
1.85335
0.358771
0.0516781
-0.14816
1.48781
0.385494
1.7946
0.790804
0.70126
0.913058
0.898349
-2.28818
1.07937
1.91277
0.28873
0.0232516
1.43364
-0.0140836
0.120624
0.184324
1.51357
-0.388319
1.44088
-0.0767719
-0.664046
-0.0700606
0.484007
0.223031
1.85026
0.379107
0.527731
0.294382
1.60714
0.130211
0.156602
-0.023805
1.45407
-0.211093
1.42138
0.14531
-0.197396
0.488852
0.561623
0.472497
-0.356637
-2.01404
0.308586
0.38599
1.64389
0.180448
0.160231
0.0540015
1.58364
-0.194241
1.26533
0.033321
-0.14889
0.132552
0.363979
0.323723
0.419986
1.36702
2.952
0.564923
1.89641
0.42433
0.324269
0.201762
1.56536
-0.266252
0.995908
-0.0977269
0.0454233
0.0918461
0.132552
0.248386
0.0525831
1.86574
0.350155
2.64881
1.05566
0.474919
0.308053
0.152649
1.76949
-0.0475831
1.29828
0.0461211
0.0158717
-0.0416426
0.175394
0.145042
0.234723
1.8148
0.556291
1.00114
1.09974
0.696157
0.5575
0.424041
1.73928
-0.122032
1.23014
-0.0447462
-0.18132
-0.0644268
0
0.0843067
0.102444
1.65743
0.347666
0.513222
-2.10094
-2.51283
1.01599
0.400553
2.02316
0.293693
1.66633
0.368696
-0.0601683
0.060532
0.0525831
-0.284385
-0.234416
1.37975
0.0521266
0.0218544
1.82184
0.781678
-2.6232
0.699783
1.99247
0.168679
1.49166
0.11884
-0.189199
-0.0512372
0.0140836
-0.222661
0
1.60899
0.358771
0.497822
2.06586
0.657729
0.730096
-2.33794
