-2.10243
1.0288
-1.17309
-1.23502
-1.07366
-1.43791
-1.49432
-1.55558
-1.67621
-1.73897
-1.70855
-1.65818
-1.62429
-1.35674
-1.34375
1.04255
1.02767
-2.11962
1.02498
-1.28128
-1.17897
-1.44871
-1.54072
-1.60924
-1.66214
-1.67509
-1.64195
-1.58139
-1.46052
-1.30233
-1.28277
-1.14787
-1.2094
1.0217
-2.12062
1.04922
-1.09631
-1.34668
-1.43699
-1.51254
-1.6012
-1.64947
-1.64789
-1.62262
-1.57774
-1.369
-1.38
-1.2146
-1.35911
-1.26057
1.02825
-2.10392
-0.967452
-1.21258
-1.29746
-1.37154
-1.47358
-1.57966
-1.61187
-1.64608
-1.66634
-1.50838
-1.52293
-1.36218
-1.36639
-1.18894
-1.07781
1.02965
-2.14487
1.07006
-1.38004
-1.51614
-1.63912
-1.71213
-1.74278
-1.73626
-1.63588
-1.50587
-1.46281
-1.23955
-1.57535
-1.6911
-1.48134
-1.35604
1.02222
-2.10086
1.02638
-1.13191
-1.1974
-1.30084
-1.36127
-1.48014
-1.69994
-1.58879
-1.72211
-1.66273
-1.52537
-1.59826
-1.39243
-1.2967
-1.17739
1.02494
-2.11486
1.03039
-1.22494
-1.33212
-1.39934
-1.5035
-1.65886
-1.54411
-1.66259
-1.56258
-1.69374
-1.59571
-1.47057
-1.38493
-1.2771
-1.19625
1.03341
-2.11508
1.03347
-1.25335
-1.32873
-1.42534
-1.57814
-1.53102
-1.66378
-1.63033
-1.71209
-1.64743
-1.56734
-1.48361
-1.38973
-1.27577
-1.20824
1.03081
-2.1091
1.04197
-1.22771
-1.34475
-1.5019
-1.4761
-1.6036
-1.62652
-1.66247
-1.70168
-1.67774
-1.6249
-1.51613
-1.40902
-1.32464
-1.23982
1.03674
-2.10419
1.03779
-1.24355
-1.37934
-1.3787
-1.5346
-1.57625
-1.52962
-1.71205
-1.72061
-1.69148
-1.59965
-1.52537
-1.43594
-1.34386
-1.22696
1.04058
-2.10682
1.03804
-1.27562
-1.24608
-1.39665
-1.47947
-1.50926
-1.56873
-1.69566
-1.72599
-1.60811
-1.58314
-1.51161
-1.40911
-1.30454
-1.21826
1.03391
-2.10706
1.06349
-1.17219
-1.32624
-1.4154
-1.18591
-1.27913
-1.54997
-1.64291
-1.53935
-1.72477
-1.69537
-1.63304
-1.54999
-1.41965
-1.30339
1.03829
-2.10342
-0.945318
-1.09519
-1.13847
-1.63893
-1.69148
-1.79815
-1.85837
-1.78047
-1.61858
-1.52624
-1.38623
-1.22609
-1.12462
-1.08398
-1.06356
1.02165
-2.14401
1.09899
-1.40374
-1.13303
-1.11161
-1.34606
-1.49453
-1.31482
-1.69142
-1.74464
-1.77095
-1.77671
-1.74787
-1.64542
-1.53194
-1.4171
1.03838
-2.08572
1.01395
1.06889
-1.31435
-1.48728
-1.62937
-1.55024
-1.72031
-1.74202
-1.70964
-1.60955
-1.49706
-1.42695
-1.33385
-1.26207
-1.08231
1.0301
-2.12206
