-2.94995
0.183667
-0.625485
-1.5708
-0.785398
-2.67795
0
-2.35619
-2.35619
-2.35619
-0.0239954
3.13353
3.14159
-2.35619
-0.927295
0.179021
0.174517
-2.95262
0.152285
-0.643501
-0.463648
-2.35619
3.14159
-2.35619
-1.5708
-2.35619
-0.0165274
3.13326
3.14159
3.14159
3.14159
-0.141897
-0.927295
0.160184
-2.96658
0.16396
-0.507099
-2.35619
-2.35619
-2.35619
-1.5708
-2.35619
-0.00775178
3.14159
3.14159
3.14159
-2.81984
-0.785398
-2.35619
-0.244979
0.165167
-2.95125
0.185008
-0.571337
-1.5708
-2.35619
0
-2.35619
-0.00751866
3.14159
3.14159
-1.5708
3.14159
0
-2.35619
-2.35619
-0.927295
0.181839
-2.95093
0.157974
-0.380506
-2.35619
-1.5708
-2.35619
-0.0481555
3.09919
-2.35619
-1.5708
3.14159
-0.463648
-1.5708
-1.5708
-1.5708
-0.674741
0.16116
-2.96368
0.164386
-0.54042
0
3.14159
-0.0632639
3.08685
3.14159
3.14159
3.14159
-0.463648
0
3.14159
0
3.14159
-0.380506
0.164256
-2.95369
0.177226
-0.484478
3.14159
0.0683863
-3.05845
3.14159
-2.35619
3.14159
-0.463648
-1.5708
0
0
-2.35619
-0.785398
-0.54042
0.177019
-2.93752
0.200395
-0.463648
0.193622
-2.94028
0
-2.35619
3.14159
-0.785398
-1.5708
0
0
3.14159
0
3.14159
-0.674741
0.193155
-2.95662
0.115062
-0.0499584
3.1347
3.14159
-2.35619
-2.81984
0
-1.5708
-2.35619
0
-2.35619
0
3.14159
3.14159
-0.244979
0.121386
-3.01174
0.123264
3.02662
-1.5708
0
-2.81984
0
0
-1.5708
0
3.14159
0.463648
1.89255
-1.89255
-2.1588
-0.380506
0.118561
-2.69009
0.451328
-1.29589
-2.03444
3.14159
-0.785398
-1.5708
-2.35619
0
3.14159
-0.785398
-2.2143
1.5708
1.5708
3.14159
-1.73595
0.455165
-2.69435
0.171625
-0.390607
-2.67795
0
-1.5708
0
0
3.14159
-1.10715
3.14159
3.14159
3.14159
3.14159
-2.35619
2.524
0.145534
-2.95769
0.166189
-0.512389
-0.785398
-1.5708
0
-1.5708
-2.35619
0
-2.67795
3.14159
3.14159
3.14159
3.14159
0.0113631
-3.08352
0.165899
-2.9596
0.17101
-0.463648
-0.524796
-1.5708
-1.5708
-2.35619
0
3.14159
3.14159
-2.35619
-2.35619
-2.35619
0
3.14159
-0.165149
0.165537
-2.95483
0.167426
0.176767
-0.418224
-1.5708
0
0
-2.67795
3.14159
3.14159
-1.5708
3.14159
-0.0162587
3.1334
-2.35619
-0.185348
0.171101
-2.95176
