0.410399
0.211804
0.0809628
0.07266
0.0769476
0.0730024
0.0778263
0.088116
0.0919022
0.0919188
0.0974054
0.100005
0.0963153
0.102601
0.097828
0.217429
0.326712
0.488972
0.443836
0.297656
0.353808
0.332197
0.448278
0.349242
0.315154
0.252198
0.211713
0.165451
0.185321
0.160591
0.187035
0.164411
1.12998
0.547291
0.657005
0.672476
0.421187
0.377638
0.408216
0.437112
0.423691
0.420609
0.414208
0.40064
0.418536
0.433563
0.462325
0.32367
1.58343
1.25372
0.648733
0.859968
1.1224
0.716425
0.972326
1.07038
1.21098
1.07045
0.989759
0.718843
0.913785
0.651008
0.916345
0.129703
2.59254
1.56919
1.30887
0.80143
1.42858
2.04579
6.12912
2.8374
1.68406
1.41618
1.35662
2.04415
1.03198
0.593684
0.669657
0.0711824
1.94878
6.93821
36.1425
7.05728
1.39542
0.929725
0.890239
0.373626
0.278175
0.245318
0.236368
0.263649
0.218469
0.231549
0.21758
0.0508955
1.1838
1.71002
0.699036
0.568117
0.599103
0.423172
0.952939
2.63709
0.850808
0.339327
0.241692
0.238153
0.160699
0.144206
0.121322
0.0207607
3.11388
17.2364
3.87353
2.29897
1.98807
1.81366
1.4745
2.65303
5.92115
4.71672
1.36214
1.04936
0.649453
0.555839
0.429135
0.0791009
2.26649
10.8986
8.61818
3.97245
2.76484
2.12511
2.73644
64.0734
8.54988
7.50079
4.21876
1.5
0.835252
0.655668
0.496644
0.0983122
2.63511
5.06802
21.7972
6.76066
3.75245
3.03003
3.21664
2.99497
2.01097
3.44764
8.27835
5.37714
1.38348
0.90109
0.633336
0.129585
12.2285
15.3652
20.896
21.7972
10.9012
9.56692
7.23783
5.3878
4.54599
2.39795
3.20583
4.3026
4.09848
9.42532
8.44721
0.630036
0.729772
1.00432
2.39964
6.96532
2.53387
1.45414
1.45388
1.01001
0.824567
0.80269
0.592319
1.21568
4.57592
0.736324
0.272211
0.0538588
7.24342
8.39665
10.9375
15.3652
20.896
21.7972
17.2364
9.56692
5.54159
4.61812
4.49385
2.76747
4.38984
8.25521
12.4105
0.691997
1.43105
1.42947
2.03649
2.57798
21.7297
9.34496
4.35943
2.26324
1.439
1.09666
0.956264
0.987189
0.692258
1.42273
6.26579
0.248109
15.3933
6.972
7.24342
9.57365
12.2285
21.7297
14.7757
21.7972
7.70833
5.61789
3.61892
3.10777
3.18612
2.07987
3.75549
11.4514
2.76743
6.38913
3.14177
2.77293
4.9771
6.78312
10.8648
10.448
3.24933
1.81687
1.40903
1.07128
1.04226
0.924101
0.643263
1.0712
