0.999476
1.0061
0.99865
0.996844
0.996058
0.99655
0.998251
0.998063
1.00079
1.00416
1.00671
1.00802
1.00863
1.0083
1.00571
0.999555
1.00321
1.00239
0.999506
1.00597
1.00723
1.00797
1.00686
1.0056
1.00562
1.00342
0.99803
0.996917
0.996101
0.995438
0.996013
0.998101
1.0011
1.00116
1.0007
1.00118
1.00127
1.00132
1.00175
1.00029
1.00106
1.00204
1.00085
1.00053
1.00059
1.00082
0.999967
1.00077
1.0001
1.00036
1.00057
1.00012
1.00465
0.999125
0.999281
0.997914
0.998125
0.999845
1.00004
1.00009
0.999424
1.0005
0.998269
1.00057
0.995063
0.995298
0.997679
1.00265
1.00161
0.999639
1.00362
1.00436
1.00603
1.00677
1.00451
1.00237
0.999496
0.998694
0.99541
0.995497
1.00186
1.00242
1.00261
1.00162
1.00025
0.999813
1.00247
0.998591
0.998481
0.999422
1.00007
1.00002
0.999512
1.00099
0.999344
1.00233
0.99958
0.999728
1.00025
0.999224
0.999211
1.00099
1.0004
1.00411
1.00062
1.0013
1.00155
1.00151
1.00104
1.00113
0.999433
1.00048
0.999158
0.997472
0.999744
0.998687
0.997789
0.999101
1.00248
1.00152
0.998631
1.00478
1.00567
1.00644
1.006
1.00465
1.00242
1.00229
1.00131
1.00379
1.00413
1.00365
1.0031
1.00345
1.00309
0.999137
0.999222
1.00362
1.00022
0.999795
0.999732
1.00099
0.998699
1.00227
1.00642
1.00371
1.00149
0.998453
0.995367
0.995725
0.995382
0.997345
1.00074
1.00043
1.00244
1.00851
1.01053
1.01199
1.01001
1.00885
0.998426
0.999341
1.00194
1.00252
1.00212
1.0039
1.00335
1.00238
1.00201
1.00145
1.0005
1.00419
0.998652
0.99821
0.996792
0.997886
0.998594
0.998473
1.00118
1.00029
0.998563
0.997911
0.997477
0.997375
0.997734
0.998605
1.0036
1.00189
0.998088
0.999431
0.999137
0.999411
0.996296
0.997221
0.997645
0.997374
0.99733
0.999271
0.999305
0.997972
0.998735
0.999741
0.999354
1.00004
0.999323
1.00184
0.996462
0.996076
0.996389
0.997047
0.997416
0.997199
0.996163
0.99818
0.998579
0.998295
0.999512
1.00122
1.00081
1.00015
1.00067
1.00001
1.00339
0.997178
0.997022
0.997295
0.997457
0.997337
0.996228
0.997491
0.997927
0.995688
0.997348
0.998456
0.999121
0.998622
0.99837
1.00132
1.00272
1.00344
0.998477
0.999606
1.00081
1.0008
0.999158
0.999558
0.999156
0.996765
0.998605
0.99925
0.997579
0.997745
0.997991
0.998631
1.00273
1.0013
