-0.495653
0.501258
0.387944
0.38389
0.276798
0.346917
0.0892194
0.171149
0.0572062
0.0337425
0.100066
0.152649
0.181282
0.280444
0.342365
0.460864
0.535241
-2.61945
0.529307
0.352329
0.279654
-0.047209
0.476892
-0.0285637
0.340097
0.409646
0.420197
0.412022
0.44995
0.645023
0.562165
3.12924
0.463648
0.571166
-2.58132
0.604323
0.490948
0.451883
0.355377
0.308053
0.244979
0.254368
0.240171
0.298499
0.2783
0.444419
0.429347
-2.79435
0.502843
0.455221
0.58017
-2.54559
0.623723
0.420405
0.433354
0.152649
0.283794
0.404892
0.524796
0.463648
0.576375
0.975386
0.957589
-3.04926
0.828849
0.473356
0.45485
0.601887
-2.49986
0.575272
0.477345
-1.89255
-2.73147
-2.95337
3.08609
2.28963
2.7886
2.08319
2.4926
-3.13453
-0.260602
-0.165149
3.14159
0.785398
0.673961
-2.54652
0.676717
0.57661
0.461915
0.36217
0.309406
0.195281
0.17176
-0.223477
-0.0599282
-0.0626793
2.63449
0.825377
0.463648
0.40386
0.470359
0.556205
-2.52821
0.421829
-2.50404
-2.6864
-2.77278
-2.91951
-2.93647
2.86603
3.08931
-3.09967
3.14159
2.35619
0.694738
0.512389
0.549853
0.492095
0.725365
-2.44963
0.619941
-2.35619
-2.55885
-2.67795
-2.74515
3.14159
-2.98294
-2.94345
-2.92292
3.14159
0.785398
0.404892
0.551655
0.424194
0.580398
0.758378
-2.47315
0.609163
-2.53605
-2.68729
-2.71333
-3.05485
-2.91632
-2.95041
-2.89661
-2.89661
0
0.588003
0.519146
0.367174
0.563316
0.483779
0.659571
-2.47341
0.639539
-2.60578
-2.66071
-2.94838
-2.86617
-2.91718
3.14159
2.35619
0
0
1.10715
0.321751
0.54042
0.463648
0.524796
0.666311
-2.45761
0.697457
0.610726
1.1659
3.14159
-2.93195
-2.87323
-2.80686
-3.03094
3.14159
0.620249
0.302885
0.614663
0.367174
0.448343
0.44926
0.597603
-2.54411
0.461811
-2.78842
-2.75264
-2.86785
-2.60117
-2.55359
-2.67795
-2.35619
0
0
0.785398
0.321751
0.404892
0.463648
0.54428
0.67255
-2.45014
0.721618
-3.01724
-2.80765
-2.73147
-2.72337
-2.79857
-2.81984
1.5708
-0.463648
0.927295
0.380506
0.442374
0.428778
0.481397
0.439316
0.585656
-2.54606
0.563566
-2.77513
-2.7468
-2.63449
-2.60117
-2.81984
3.14159
-1.5708
-2.35619
0
0.321751
0.380506
0.54042
0.444419
0.499347
0.657889
-2.45607
0.825377
0.699826
-2.85014
-2.7367
-2.7367
-2.97644
-2.55359
3.14159
0
0.463648
0.463648
0.484478
0.418224
0.431401
0.465718
0.598721
-2.52556
