1
2
17
32
33
34
35
49
65
66
67
68
81
97
99
100
101
113
129
132
133
134
145
161
165
166
167
177
193
198
199
200
209
225
231
232
233
241
257
264
265
266
273
289
297
298
299
305
321
330
331
332
337
353
363
364
365
369
385
396
397
398
401
417
429
430
431
433
449
462
463
464
465
481
495
496
497
513
528
529
530
545
561
562
563
577
593
594
595
596
609
625
627
628
629
641
657
660
661
662
673
689
693
694
695
705
721
726
727
728
737
753
759
760
761
769
785
792
793
794
801
817
825
826
827
833
849
858
859
860
865
881
891
892
893
897
913
924
925
926
929
945
957
958
959
961
977
990
991
992
993
1009
1023
1024
