1.0	
1.0	
1.0	
1.0	
1.0	
1.0	
1.0	
1.0	
1.0	
1.0	
0.94	
0.95	
0.95	
0.95	
0.946	
0.01953125	
0.95	
0.96	
0.966	
0.932	
1.0	
1.0	
1.0	
1.0	
1.002	
0.001953125	
1.004	
1.0	
0.992	
0.994	
0.944	
0.948	
0.946	
0.948	
0.948	
0.48046875	
0.94	
0.956	
0.966	
0.934	
0.976	
0.994	
0.992	
0.996	
0.998	
0.400390625	
1.006	
0.992	
0.986	
0.97	
1.014	
1.016	
1.012	
1.014	
1.014	
0.23828125	
1.008	
1.01	
1.002	
1.01	
0.948	
0.952	
0.948	
0.95	
0.954	
0.083984375	
0.944	
0.946	
0.948	
0.95	
1.026	
1.026	
1.02	
1.024	
1.026	
0.17578125	
1.024	
1.018	
1.014	
1.022	
0.99	
1.002	
0.996	
1.0	
1.002	
0.23046875	
1.0	
0.998	
0.982	
0.982	
0.964	
0.998	
0.994	
1.0	
1.002	
0.017578125	
1.0	
0.986	
0.896	
0.94	
0.996	
1.022	
1.018	
1.022	
1.016	
0.119140625	
1.01	
1.016	
1.0	
1.018	
0.968	
0.962	
0.956	
0.96	
0.96	
0.958984375	
0.942	
0.956	
0.948	
0.924	
1.012	
0.996	
0.99	
0.994	
0.998	
0.00390625	
0.978	
0.988	
0.902	
0.958	
0.914	
0.94	
0.938	
0.94	
0.942	
0.3515625	
0.916	
0.942	
0.864	
0.94	
0.94	
0.946	
0.94	
0.944	
0.94	
0.80078125	
0.92	
0.936	
0.932	
0.936	
1.03	
1.01	
1.002	
1.006	
1.006	
0.013671875	
0.988	
0.998	
0.986	
1.012	
