12	
21	
12	
12	
19	
11	
10	
10	
34	
69	
10	
17	
7	
8	
10	
6	
5	
5	
32	
39	
10	
19	
9	
9	
11	
8	
7	
7	
24	
31	
9	
17	
12	
12	
12	
11	
10	
9	
34	
37	
8	
16	
6	
6	
17	
5	
4	
3	
30	
31	
10	
18	
11	
11	
12	
10	
9	
9	
261	
37	
8	
16	
8	
8	
12	
7	
6	
6	
31	
31	
8	
16	
13	
13	
11	
12	
10	
10	
28	
312	
9	
17	
9	
10	
15	
10	
8	
7	
30	
29	
11	
19	
10	
10	
9	
9	
8	
7	
28	
37	
11	
19	
8	
9	
13	
8	
7	
6	
25	
28	
8	
16	
15	
15	
8	
14	
12	
12	
262	
37	
10	
18	
12	
13	
23	
11	
10	
10	
27	
29	
10	
18	
8	
9	
12	
8	
6	
6	
30	
31	
15	
22	
9	
10	
13	
8	
7	
67	
28	
37	
9	
17	
11	
11	
18	
10	
8	
8	
31	
37	
