-0.629386
0.462367
2.83868
2.56347
2.76595
2.74231
2.33507
3.01509
-0.376357
1.88284
2.11623
2.30526
2.25653
2.28386
2.28097
2.60089
2.55345
-0.634614
2.41835
2.00284
2.28292
2.01178
2.47383
1.79233
2.42276
2.61601
1.53855
2.50673
2.47215
2.65754
2.50107
2.76765
2.22784
2.33041
-0.780499
2.12413
2.39862
2.1709
2.21771
0.668524
2.95596
1.97031
1.33395
2.14213
2.02395
2.18628
2.06052
2.33253
1.88413
2.07382
2.30736
-0.925088
2.67694
2.59628
2.65517
2.25434
2.33971
2.12135
2.2359
1.30163
1.7072
1.75296
1.74526
1.97199
2.25223
2.42773
2.64014
2.35473
-0.619467
2.23561
2.23548
1.88648
2.1617
1.85923
1.3952
2.21115
1.82249
-2.23184
1.95832
2.38677
1.74361
1.88692
2.08989
1.97911
2.38266
-0.870417
2.4956
2.58663
1.63034
2.18168
2.06814
1.86786
1.82695
2.46911
1.83528
1.84722
1.82038
2.56235
2.42476
2.37179
2.68704
2.4162
-0.714549
2.1196
2.1797
2.0367
1.81164
2.02225
1.73427
0.546524
1.14417
0.876058
1.66238
1.3073
1.82323
1.68196
2.21059
2.06793
2.35475
-0.979599
2.39449
-3.06861
3.09031
2.94372
2.89127
2.80953
3.14159
2.0174
2.99451
2.88178
-3.04455
-3.13326
-2.86961
-2.95856
-2.71307
2.72627
-0.666647
2.2156
1.91566
2.04378
1.82702
1.37802
1.2823
1.80454
1.95497
1.75614
1.8805
1.76819
2.24338
2.14966
2.38068
2.08083
2.3638
-0.826624
2.23918
2.42406
2.22731
2.14383
1.96964
2.11545
1.8603
1.68656
1.77829
1.68145
2.38989
2.03444
2.35804
0.378919
2.33428
2.33861
-0.895961
2.50237
2.40495
2.3207
2.12976
2.258
2.30469
2.37112
2.25311
1.46014
2.2143
1.97754
2.19482
2.01728
2.22032
2.2596
2.2681
-2.56461
2.5953
2.65082
2.46097
2.55901
2.46218
2.40337
2.40378
2.04415
-2.87534
1.75512
2.70259
-0.716804
2.25619
2.50064
2.44353
2.68317
-2.56558
2.68805
2.63021
2.71833
2.43734
2.50721
2.55272
2.26553
1.98247
-2.94954
1.67678
2.62027
-0.815482
2.55861
2.49034
2.79991
2.65811
-2.58358
2.53542
2.69474
2.12657
2.16861
2.21724
1.98393
2.10157
2.08319
-2.23184
2.40743
2.71319
2.65522
2.49891
2.80283
2.74957
2.70208
-0.736442
2.45262
2.46024
2.59088
2.62618
2.34104
2.5615
2.51485
2.17539
-3.01788
-0.088757
2.07364
2.10004
2.28834
2.23713
2.32931
2.28594
-0.595945
