-2.12446
-1.07072
-1.10715
-1.11869
-1.11273
-1.19029
-1.33434
-0.712021
1.95779
-1.19781
-1.19553
-1.12994
-1.09567
-1.05785
-1.00866
-1.02189
-1.06757
-2.12151
-1.01602
-0.955645
-0.920746
-1.09887
-0.900674
-1.35213
-1.17601
-1.21203
-1.37961
-1.31203
-1.24397
-1.15419
-1.15174
-1.10468
-1.00725
-0.996753
2.13324
-0.946033
-0.880709
-1.02792
-0.998384
-1.1589
-1.29932
-1.21609
-1.31347
-1.28824
-1.22319
-1.13916
-1.11009
-1.05691
-0.997032
-0.966148
-0.973789
2.15188
-0.956367
-1.09025
-1.02014
-1.53308
-0.776053
-1.26041
-1.44644
-1.24905
-1.20825
-1.05351
-1.1097
-1.04551
-1.16853
-1.11565
-1.06876
-1.01882
2.20329
-1.00361
-0.921085
-1.07486
-1.08164
-1.2013
-1.14623
-1.35213
-1.3633
-1.66727
-1.2434
-1.24209
-1.12912
-1.12279
-1.08359
-1.00274
-0.915409
-2.11725
-0.895044
-1.034
-1.17107
-1.09803
-1.09902
-1.19707
-1.22203
-0.54042
-1.17056
-1.17227
-1.48766
-1.19553
-1.24261
-1.13095
-1.03722
-1.03646
2.28542
-0.906202
-0.824463
-0.942107
-0.892405
-1.02108
-1.08084
-1.55039
-1.10715
-1.65394
-0.83989
-1.17846
-0.97914
-0.95374
-0.799556
-0.887619
-0.781533
2.14114
-1.02123
-1.14565
-1.12376
-1.19714
-1.24905
-0.571337
-1.32582
-0.817645
-1.17601
-0.832981
-1.06919
-0.998767
-1.0061
-0.935108
-0.833119
-1.24316
2.08731
-1.06737
-1.00978
-1.10316
-1.14139
-1.30243
-1.2453
-1.32582
-1.04752
-1.24905
-1.31019
-1.21709
-1.07938
-1.13747
-0.982794
-1.07515
-0.976738
-2.11268
-0.935931
-0.970398
-1.01158
-1.05651
-1.09953
-1.18248
-1.32582
-1.35213
-1.2925
-1.10715
-0.952368
-1.13148
-0.937928
-1.98486
-0.76899
-1.01004
2.14284
-1.08135
-1.14347
-1.18312
-1.25193
-1.22466
-1.08052
-1.10715
-1.2598
-1.51204
-1.3597
-1.24224
-1.23374
-1.0612
-1.24295
-1.17629
-1.0354
-2.10951
-0.967664
-0.946573
-0.979694
-1.03813
-1.09664
-1.18392
-1.2168
-1.14103
-0.566729
-1.3734
-0.933248
-1.90212
-0.961569
-1.05902
-0.94731
-0.983027
2.13407
-0.995821
-1.00734
-1.05454
-1.08297
-1.11844
-1.16525
-1.2405
-1.43279
-0.694738
-1.7005
-0.550386
2.14368
-1.11049
-0.979357
-0.963416
-0.986209
-2.11423
-1.02008
-1.0435
-0.99342
-1.04568
-1.08991
-1.10379
-0.927295
-1.42372
-0.785398
-1.34871
-1.14623
-1.19408
-1.09205
-1.07157
-1.03234
-1.0124
-2.11879
-0.994321
-1.01876
-1.04361
-1.0951
-1.11825
-1.14417
-1.12419
-1.48014
-0.539955
2.14064
-1.28956
-1.06005
-1.08487
-1.0389
-0.990172
-0.993387
-2.12253
