-0.854497
2.21085
2.16587
2.13894
2.14249
2.13085
2.08057
2.1389
1.92379
2.39965
2.8023
2.75382
2.80938
2.79266
2.81534
2.44106
2.21892
-0.865665
2.44762
2.94175
2.95688
2.88923
3.03094
0.330835
2.18239
2.38183
2.05527
2.15232
2.144
2.14297
2.13737
2.16375
2.42289
2.41367
-0.729285
2.40499
2.42223
2.39098
2.40322
2.40279
2.40494
2.38476
2.35619
2.38058
2.38776
2.37711
2.38074
2.40631
2.40168
2.39906
2.41584
-0.738072
2.44213
2.43204
2.44932
2.43388
2.41141
2.41636
2.4371
2.39321
2.38183
2.35619
2.36068
2.38312
2.43352
2.43222
2.44822
2.42567
-0.712852
2.41069
2.42885
2.47205
2.29965
2.38205
2.38844
2.35619
2.39321
2.38321
2.40615
2.42092
2.39093
2.38168
2.39384
2.38513
2.42014
-0.71737
2.50101
2.53854
2.52767
2.50354
2.48954
2.50657
2.51611
2.55359
2.38321
2.38531
2.47045
2.5108
2.50922
2.50578
2.52636
2.47381
-0.684078
2.44947
2.35711
2.39381
2.39066
2.37411
2.39189
2.26946
2.44685
2.4275
2.51051
2.39189
2.42924
2.40203
2.43262
2.41226
2.44287
-0.702042
2.4339
2.44121
2.43137
2.42836
2.43181
2.5244
2.44685
2.57026
2.44685
2.43934
2.50327
2.48332
2.49001
2.49293
2.51725
2.47662
-0.722643
2.37895
2.36586
2.35458
2.36585
2.32371
2.34649
2.35619
2.46107
2.39617
2.38058
2.36695
2.37966
2.36412
2.39874
2.28731
2.41335
-0.742858
2.42155
2.43266
2.44108
2.41914
2.41442
2.42276
2.50221
2.45928
2.47562
2.40378
2.4136
2.36401
2.40053
2.40441
2.40534
2.40412
-0.719895
2.46545
2.5078
2.48546
2.47615
2.49809
2.38793
2.37702
2.38058
2.35619
2.46685
2.49378
2.48875
2.59037
2.57255
2.49324
2.46641
-0.720484
2.41905
2.38957
2.38278
2.38922
2.50354
2.48211
2.51119
2.52693
2.55359
2.38183
2.42585
1.90686
2.39448
2.38382
2.38927
2.40236
-0.705177
2.4628
2.49301
2.50144
2.38525
2.37184
2.37101
2.33697
2.32917
2.49809
2.35619
2.50327
2.48778
2.49663
2.50408
2.51352
2.48414
-0.727175
2.38805
2.38564
2.52306
2.5061
2.5075
2.48341
2.50757
2.45928
2.53605
0.668289
2.30479
2.35619
2.35619
2.36551
2.38732
2.39039
-0.727783
2.48073
2.39506
2.36135
2.35937
2.3312
2.33595
2.32763
2.30624
2.40378
2.43934
2.48452
2.50796
2.49809
2.5263
2.51909
2.47068
-0.720558
