0.0165562
0.00766944
0.0252418
0.0280629
0.0259062
0.0278325
0.0296192
0.0253415
0.0253832
0.0292547
0.0276078
0.0274172
0.028237
0.0306109
0.0268224
0.00824915
0.00788393
0.0164682
0.00722529
0.0282157
0.0260438
0.0283004
0.0284926
0.0258574
0.0265704
0.027745
0.0268864
0.0259818
0.0276
0.0294485
0.0259519
0.0286611
0.0278266
0.0076079
0.0175544
0.00809215
0.0265931
0.0289681
0.0289654
0.0270043
0.0270877
0.027876
0.0257911
0.0256423
0.0266976
0.0294448
0.0255282
0.0282767
0.028568
0.0278842
0.00747978
0.016712
0.00728436
0.0280972
0.0283121
0.026656
0.0270529
0.0282499
0.0256894
0.0253832
0.0282522
0.0294126
0.0263273
0.0288874
0.0199471
0.0260638
0.0249781
0.0076327
0.0165298
0.00833106
0.0303237
0.028475
0.0290188
0.030343
0.0285263
0.0263895
0.0168781
0.011352
0.00935756
0.016967
0.0297156
0.0288147
0.0270152
0.0298235
0.00773258
0.0167124
0.00805301
0.0266589
0.0272794
0.0286285
0.0263527
0.0258967
0.0266001
0.0271495
0.0285636
0.030463
0.0276313
0.0275081
0.0254499
0.0282542
0.0264016
0.00805475
0.016508
0.00753857
0.0285421
0.0299751
0.0277936
0.0274807
0.0292019
0.0296848
0.0258112
0.0278184
0.00846553
0.0127511
0.0164918
0.0258134
0.0279785
0.029769
0.00819202
0.0167523
0.00792197
0.0288482
0.0269704
0.0262635
0.0277116
0.0309717
0.0273338
0.0137145
0.0271706
0.0268864
0.0266361
0.0288909
0.0267567
0.0290473
0.0290809
0.00756205
0.0164306
0.00812884
0.0270395
0.0263823
0.0274831
0.0294592
0.0261305
0.0278324
0.0281707
0.0276782
0.0256423
0.0287825
0.0261683
0.0284646
0.0285487
0.0267929
0.00787805
0.0167597
0.00764369
0.0273757
0.0285982
0.0307843
0.0269722
0.0296192
0.0268881
0.0269
0.0258129
0.0296873
0.0270919
0.0298044
0.0301475
0.0284308
0.0288746
0.008214
0.0165747
0.00707131
0.0267962
0.0290764
0.0252096
0.0278973
0.0283252
0.0276213
0.0257009
0.0299313
0.0254148
0.0282265
0.028954
0.0270678
0.0275404
0.0289265
0.00729757
0.0167081
0.00747787
0.0295115
0.0256993
0.028279
0.02806
0.0274568
0.0260377
0.028304
0.0258534
0.0282522
0.0296047
0.0266188
0.0274172
0.0288734
0.0268327
0.00711286
0.0165707
0.00808997
0.0257575
0.0284874
0.0284418
0.0277936
0.0261461
0.0295235
0.0254312
0.027745
0.0312797
0.0263914
0.0274172
0.0286142
0.0267062
0.0259472
0.00747153
0.0168034
0.00731038
0.0289113
0.0280773
0.0274408
0.0255621
0.0287534
0.0254336
0.0282704
0.029854
0.0269023
0.0270295
0.0288358
0.0270034
0.0263785
0.0276775
0.00814887
0.0177637
0.00776367
0.0082458
0.0285139
0.0266551
0.02958
0.0271227
0.0288525
0.0312955
0.0258112
0.0265099
0.0282265
0.0263397
0.0258368
0.0270867
0.0293085
0.0072502
0.0165825
