0.0135696
0.00459033
0.0122041
0.0132171
0.0131768
0.0125934
0.0127105
0.0139682
0.0202531
0.042201
0.0672278
0.0729453
0.0755397
0.0757202
0.0755094
0.0119152
0.00493083
0.0138309
0.00563756
0.0211562
0.0210278
0.0201892
0.0198372
0.020268
0.0188531
0.0165543
0.0156088
0.0154996
0.0156349
0.0157987
0.0156591
0.0161072
0.0131461
0.0050129
0.0134999
0.0212495
3.35067
2.81586
2.89554
1.66186
0.409463
0.108928
0.0241401
0.015167
0.0140417
0.0137403
0.0137744
0.0141472
1.14217
1.11359
0.0196847
0.0136549
0.00506327
0.0125993
0.0125513
0.0131638
0.0126979
0.0127984
0.014415
0.0241605
0.108858
0.578315
1.66368
1.42701
0.0164675
0.016124
0.0162173
0.00555347
0.0140107
0.00589396
0.0199209
0.0208394
0.0202933
0.0203
0.0196254
0.0188531
0.0181488
0.0176518
0.0175316
0.0175572
0.0137475
0.0135061
0.0135325
0.0146559
0.00555431
0.0136232
0.0179829
0.325861
0.312799
0.306981
0.273462
0.21287
0.0785491
0.0276782
0.0171236
0.0150113
0.17778
0.232241
0.244265
0.264758
0.269154
0.017919
0.0136858
0.00560439
0.0144371
0.0145765
0.0145233
0.014666
0.0152484
0.0166151
0.0303776
0.0783866
0.0188462
0.0186787
0.019204
0.0209588
0.0208263
0.0199588
0.00587188
0.0139162
0.00571606
0.0184705
0.0183199
0.0187535
0.0187747
0.0187821
0.0201561
0.020236
0.0200422
0.0159674
0.0152503
0.0164355
0.0163396
0.0156733
0.0156079
0.00566889
0.0136971
0.00888684
0.03749
0.038396
0.0385166
0.0382493
0.0399178
0.0340662
0.0155063
0.0200266
0.03002
0.0387389
0.0406505
0.0384968
0.0380518
0.040005
0.00886255
0.0137167
0.00531483
0.0154435
0.0156956
0.015735
0.015563
0.0161597
0.0202159
0.019366
0.0181204
0.0182353
0.0185346
0.0173493
0.0171461
0.0180597
0.0174285
0.00560249
0.01395
0.00618621
0.0215312
0.0215112
0.0213435
0.0219002
0.0187868
0.0181238
0.0187345
0.0202885
0.0219239
0.0195926
0.0194845
0.020768
0.0199328
0.0201893
0.00602592
0.0138677
0.00606715
0.0197831
0.0197173
0.0204563
0.0175073
0.0171867
0.01742
0.0188965
0.0214431
0.0195152
0.019564
0.0207797
0.0204896
0.0206311
0.0203484
0.00611937
0.0139251
0.00571701
0.0182961
0.0188466
5.35307
6.14238
1
1.29803
0.108928
0.0258534
0.0147194
0.0140332
0.0134442
0.0136781
0.0134092
0.0135896
0.00526033
0.0136637
0.021071
4.93891
0.0139434
0.013708
0.013832
0.0149284
0.0154278
0.0165596
0.0257911
0.0911765
0.313369
0.547223
0.785865
0.808444
0.837693
0.0208327
0.0136724
0.00563654
0.0103657
0.0488587
0.0490191
0.053232
0.0540166
0.0472017
0.0362525
0.0227019
0.0165034
0.0159784
0.0158633
0.0162344
0.0163416
0.0162708
0.00569999
0.0135461
