0.0126202
0.00406159
0.00773306
0.00779454
0.00865172
0.00761897
0.00889207
0.00992616
0.0182525
0.0340976
0.0358656
0.0433151
0.0411023
0.0424137
0.0423261
0.00671731
0.00405173
0.0126345
0.00734651
0.0529862
0.0587263
0.0528787
0.0524835
0.00285691
0.000327733
0.0134185
0.00860508
0.0075502
0.00739841
0.00750788
0.00767758
0.0075871
0.0201485
0.00595664
0.0129602
0.00615436
0.0239864
0.0210678
0.0240611
0.0243282
0.0223049
0.0224334
0.0200858
0.0190877
0.019269
0.0196715
0.0200909
0.0198547
0.0209043
0.0210936
0.0061211
0.0130074
0.0069969
0.0212072
0.0243054
0.024423
0.0236268
0.0220442
0.0211269
0.019345
0.0201212
0.0203199
0.0211011
0.0206585
0.0220587
0.0221696
0.0218594
0.00623125
0.0132077
0.00578551
0.0223633
0.0222321
0.0386035
0.0202962
0.0196639
0.0196154
0.0193753
0.0211778
0.0228509
0.0217253
0.0181573
0.0183982
0.0180279
0.0182995
0.00651395
0.0130858
0.00829211
0.0325801
0.0317161
0.0295528
0.0284332
0.027432
0.0250151
0.0204836
0.0211904
0.0177477
0.0298102
0.0301716
0.030158
0.0301258
0.0338065
0.00739057
0.0132345
0.00601216
0.0255222
0.0172489
0.0169344
0.0168751
0.0163555
0.0169851
0.0236587
0.0279241
0.0172224
0.0163181
0.0163258
0.01608
0.0180671
0.0159486
0.00590626
0.0133326
0.00966809
0.0379257
0.0371479
0.0369384
0.0355466
0.0340353
0.0354321
0.0221875
0.0236587
0.0325483
0.0334725
0.0350842
0.039064
0.0345404
0.0395846
0.00937878
0.0133644
0.00575594
0.0173015
0.0172603
0.0169361
0.0169759
0.0177505
0.0186729
0.0204847
0.0208725
0.0190877
0.0196606
0.0220943
0.0194889
0.0223843
0.0228649
0.00616786
0.0129774
0.00608339
0.0209813
0.0204671
0.0208866
0.0210425
0.0202849
0.026602
0.0269
0.020758
0.0186534
0.0210166
0.0183877
0.0209275
0.021247
0.0206262
0.00597859
0.0130972
0.00720874
0.0266981
0.0270868
0.0271981
0.0266145
0.0186432
0.0190552
0.0191313
0.021816
0.0288957
0.0279101
0.0310751
0.028781
0.0360715
0.0283477
0.00723495
0.013091
0.00572435
0.0184665
0.018559
0.0184355
0.0295376
0.0295416
0.0282691
0.0267237
0.0256663
0.0201212
0.0212135
0.0215152
0.0123567
0.0189117
0.0184377
0.00584964
0.0131048
0.00751163
0.0296324
0.0292649
0.0172793
0.0174726
0.0174385
0.0176476
0.0212217
0.0246777
0.0301487
0.0335295
0.0342457
0.0318765
0.0309204
0.0307378
0.00752076
0.0130603
0.00558224
0.017077
0.0273826
0.0275945
0.0272536
0.0272238
0.0307122
0.0269421
0.0233549
0.00572763
0.00293381
0.0181054
0.0177907
0.0175852
0.017248
0.0055424
0.0130271
0.00697471
0.00551117
0.0173592
0.0169957
0.0171028
0.0190661
0.0174499
0.0195821
0.0248593
0.0325051
0.0292968
0.0273439
0.0275365
0.0269699
0.0275226
0.00712227
0.0129867
