-8.62985801171640e-05
-9.76060206200910e-05
-8.45332734911475e-05
-9.51420602271427e-05
-9.56349201147818e-05
-9.67618846102854e-05
8.44180077106447e-05
9.45161564046212e-05
8.60740141399129e-05
8.55207865158933e-05
8.62391150149333e-05
8.74083617395559e-05
9.85571873496920e-05
-9.87970339005000e-05
-8.49062134162478e-05
-9.57376684093766e-05
-9.64087045573477e-05
-9.49669990516178e-05
-8.53686310016575e-05
9.70635806280206e-05
8.64601911011293e-05
8.54518880564373e-05
8.53948893786972e-05
8.52983540463716e-05
9.66315259181359e-05
9.66455728319621e-05
-8.57389984982044e-05
-9.51619321091243e-05
-9.61884721627769e-05
-9.50458774650084e-05
-8.39541946346870e-05
-8.75680635802909e-05
8.84406941350484e-05
8.57922599087495e-05
8.52753187774823e-05
8.47560114714469e-05
9.70259462430184e-05
9.53999191926983e-05
8.38994235188463e-05
-9.62002212665803e-05
-9.53144551560547e-05
-9.49089505591658e-05
-8.36594529250291e-05
-8.56225050252717e-05
-8.76385460562134e-05
8.74889557145333e-05
8.57590147807740e-05
8.52300228262894e-05
9.74342002251011e-05
9.60188484249661e-05
8.30345439688017e-05
9.68352881371857e-05
-9.58050537094293e-05
-9.47158303415614e-05
-8.31092580841018e-05
-8.46273967672451e-05
-8.49888292987128e-05
-9.86138469636614e-05
8.74434332589489e-05
8.58778502610734e-05
9.79470657404023e-05
9.67446370881318e-05
8.39615892233057e-05
9.64687919557246e-05
8.49581293862148e-05
-9.73962020597068e-05
-8.33207763817373e-05
-8.46346371426008e-05
-8.49203739932798e-05
-9.66728613999569e-05
-8.95409208568273e-05
8.77353849914469e-05
8.80767282978539e-05
8.52558170930277e-05
7.32698866037942e-05
8.34589369732992e-05
7.22294929730947e-05
8.27608381926165e-05
-7.37395021086419e-05
-7.33851906952141e-05
-7.35717630760433e-05
-8.40722435278735e-05
-7.68353705476746e-05
-7.75783439706267e-05
9.77238146489361e-05
8.28608987914337e-05
9.44315451920419e-05
8.14789018056391e-05
9.13500397941396e-05
9.57096705462496e-05
-8.34339977643517e-05
-8.17602759203138e-05
-9.32026163480268e-05
-8.50488086472230e-05
-8.46447823240140e-05
-8.71789536708083e-05
8.57105552127534e-05
9.67995878834752e-05
8.36956479292258e-05
9.38032560876888e-05
9.03494870042809e-05
9.89486357283426e-05
-8.36253826047798e-05
-9.36492430930565e-05
-8.53330789967513e-05
-8.46732587436515e-05
-8.56140096077390e-05
-8.70645943316179e-05
-9.85409710061591e-05
9.82890899912324e-05
8.42960017291343e-05
9.46824437484321e-05
9.16882303280641e-05
9.87657816362866e-05
8.49258041095976e-05
-9.64262483682001e-05
-8.58391912655356e-05
-8.48513014382134e-05
-8.51462742564274e-05
-8.46933368293608e-05
-9.62451775948060e-05
-9.67902245217974e-05
8.54182738853612e-05
9.44109837967676e-05
9.21764046807405e-05
9.89843997373389e-05
8.42292889072110e-05
8.71725129710735e-05
-8.81050128168068e-05
-8.53869335159360e-05
-8.50316550433572e-05
-8.42829976196191e-05
-9.65680078782081e-05
-9.51483558366762e-05
-8.41254502630048e-05
9.57285029005920e-05
9.24499699656667e-05
9.82124656556735e-05
8.41042033113390e-05
8.57078477589870e-05
8.71792569081794e-05
-8.71642490323400e-05
-8.55528696844050e-05
-8.47526424647497e-05
-9.71237650364787e-05
-9.57149418488851e-05
-8.28408793359110e-05
-9.71406074715077e-05
9.42263847682657e-05
9.70763849820519e-05
8.34299594645221e-05
8.48464652358152e-05
8.50716629068483e-05
9.80437633584101e-05
-8.73096213703590e-05
-8.55742232958649e-05
-9.76838208783378e-05
-9.65873731803845e-05
-8.38436028456424e-05
-9.62123848190786e-05
-8.52520327275669e-05
9.85762196201104e-05
8.35911140611523e-05
8.48545122565842e-05
8.50241527079634e-05
9.67916194227888e-05
8.91370534216898e-05
-8.75418911269007e-05
-8.81503270549084e-05
-8.56644892834027e-05
-7.40632410249075e-05
-8.48385299722689e-05
-7.37297381086143e-05
-8.52509489646561e-05
7.56422220657585e-05
7.50727551641557e-05
7.48638254865683e-05
8.50625598893826e-05
7.73808119961534e-05
7.74716416700565e-05
-9.72948382808839e-05
-8.24548890623652e-05
-9.41064733478435e-05
-8.12189072896628e-05
-9.12971039951293e-05
-9.01828775524040e-05
8.31957521744423e-05
8.15142939674795e-05
9.28675738695314e-05
8.47631874166088e-05
8.44066645474562e-05
8.62752894127633e-05