0.00997739
-3.12671
-3.13377
3.13467
3.12796
3.12983
3.11219
3.14159
3.14159
3.14159
3.14159
3.12925
3.1369
3.13436
-3.13469
-3.12597
-3.12772
0.0104668
-3.12728
3.14089
3.13416
3.12724
3.12925
3.11457
3.14159
3.14159
-1.5708
3.14159
3.1301
3.1282
3.14159
-3.13439
-3.13664
-3.12714
0.00971507
-3.12909
-3.14022
3.13805
3.13242
3.13128
3.1113
3.14159
3.14159
3.14159
3.14159
3.11721
3.1322
3.14159
3.13427
-3.14024
-3.12877
0.00979463
-3.12613
-3.13416
3.14159
3.13362
3.12925
3.14159
3.14159
3.14159
3.14159
3.14159
3.1294
3.12757
3.12731
3.13627
-3.14092
-3.12645
0.0110253
-3.12577
-3.13502
3.1401
3.13701
3.12983
-1.5708
3.14159
3.14159
3.14159
3.14159
3.1175
3.1294
3.1282
3.13642
-3.13492
-3.12667
0.011909
-3.12619
-3.1364
3.14159
3.13225
0
3.14159
3.14159
3.14159
3.14159
3.14159
3.11035
3.12983
3.12808
3.14159
-3.13688
-3.12601
0.0114672
-3.12769
-3.13542
3.13978
-2.35619
3.12955
3.1113
3.14159
3.14159
3.14159
3.14159
3.11303
3.11834
3.13703
3.13982
-3.13561
-3.12631
0.0106192
-3.12653
-3.13667
-1.5708
3.13678
3.12955
3.14159
3.14159
3.14159
3.14159
3.14159
3.14159
3.11721
3.13211
3.1398
-3.13476
-3.12773
0.0119315
-3.12691
-1.5708
-3.13979
3.13238
3.14159
3.14159
3.14159
3.14159
3.14159
3.14159
3.14159
3.12969
3.13698
-3.13983
-3.13462
-3.12559
0.0104853
-2.35619
-3.13602
3.13442
3.13683
3.12955
3.1113
3.14159
3.14159
3.14159
3.14159
3.1113
3.12955
3.13696
3.13853
-3.13677
-3.12859
0
-3.12589
-3.14025
-3.138
3.12802
3.12969
3.12909
3.14159
3.14159
3.14159
3.14159
3.14159
3.12969
3.13372
3.14159
-3.13477
-2.35619
0.0108384
-3.13095
-3.13464
3.1327
3.12751
3.13685
3.12969
3.14159
3.14159
3.14159
3.14159
3.14159
3.12076
3.13216
3.13432
-2.35619
-3.1289
0.0101012
-3.11829
-3.13423
-3.13982
3.13134
3.1245
3.11937
3.11382
3.14159
3.14159
3.14159
3.14159
3.14159
3.14159
0
-3.1296
-3.11631
0.00794806
-3.13251
3.13968
-3.13497
-3.13973
3.13676
3.12894
3.14159
3.14159
3.14159
3.14159
3.11303
3.11937
-1.5708
3.13325
-3.13785
-3.13435
0.00831255
-3.12602
-3.12755
-3.13423
-3.13984
3.12777
3.12969
3.14159
3.14159
3.14159
3.14159
3.14159
3.14159
3.13198
3.14159
3.13882
-3.12778
0.0114119
