-2.98542
3.03498
3.03883
3.03144
3.03662
3.03236
3.02807
3.0278
3.01769
3.02533
3.0254
3.03541
3.03187
3.03443
3.03286
3.03158
3.03216
-2.98429
3.03452
3.02714
3.02802
3.02835
3.02448
3.01377
3.02662
3.0251
3.02654
3.03705
3.03168
3.03578
3.03232
3.03336
3.02689
3.03096
-2.99093
3.03024
3.0342
3.03194
3.03493
3.02371
3.0254
3.0231
3.00622
3.04342
3.01818
3.02379
3.02334
3.02548
3.02585
3.03216
3.03564
-2.98437
3.03596
3.03604
3.03522
3.03225
3.03605
3.02703
3.03486
3.00979
3.02507
3.02479
3.02146
3.0232
3.03071
3.03605
3.04064
3.03301
-2.98853
3.03111
3.03138
3.02435
3.03755
3.02153
3.02245
3.02787
3.02672
3.02578
3.02649
3.02612
3.02755
3.0332
3.03748
3.03184
3.03335
-2.98327
3.0299
3.0249
3.03146
3.02583
3.02319
3.02165
3.01975
3.03012
3.02169
3.01589
3.01814
3.02459
3.03094
3.02535
3.03006
3.02885
-2.98611
3.0293
3.03963
3.02957
3.03396
3.03519
3.02676
3.02375
3.02344
3.02346
3.02653
3.02361
3.03204
3.02768
3.03216
3.03232
3.03346
-2.98197
3.03888
3.03277
3.0329
3.03994
3.03182
3.0322
3.03068
3.00829
3.0044
3.03259
3.03247
3.03314
3.03776
3.03727
3.03959
3.03104
-2.99142
3.0243
3.02346
3.02862
3.02555
3.02163
3.01507
3.03206
3.03237
3.03157
3.02434
3.01916
3.02058
3.02185
3.02412
3.02016
3.0318
-2.98097
3.03581
3.04746
3.04092
3.04465
3.03577
3.03641
3.02298
3.02929
3.02247
3.03807
3.03589
3.03532
3.03798
3.03397
3.0445
3.03339
-2.98593
3.03729
3.03188
3.0326
3.03114
3.02581
3.02262
3.02803
3.04544
3.0049
3.03364
3.02856
3.03403
3.02936
3.04169
3.03402
3.03231
-2.99241
3.02944
3.02984
3.02448
3.02588
3.03858
3.03915
3.03457
3.03685
3.03259
3.02462
3.02338
3.01997
3.03027
3.02309
3.02544
3.03397
-2.98681
3.03799
3.03722
3.03518
3.02911
3.03622
3.03421
3.02777
3.02583
3.03788
3.02896
3.02777
3.03718
3.03275
3.03428
3.04177
3.03536
-2.99107
3.03099
3.02976
3.03538
3.03856
3.04335
3.03292
3.0321
3.02617
3.03051
3.02672
3.03204
3.02471
3.02977
3.03618
3.03254
3.03462
-2.98531
3.03337
3.0321
3.03641
3.03885
3.0345
3.03167
3.02303
3.0337
3.01362
3.04758
3.02991
3.03134
3.03793
3.03491
3.03826
3.03389
-2.98582
