0.0115508
0.012638
0.0248138
0.0289288
0.0316068
0.0287898
0.027665
0.0257073
0.0221746
0.0199847
0.0181639
0.0178061
0.0170232
0.0175385
0.0170145
0.0125652
0.0126314
0.0115426
0.0125846
0.0172081
0.0176625
0.0175328
0.0179197
0.0186796
0.0203815
0.0233458
0.0246042
0.0281385
0.0306872
0.0300159
0.0283305
0.0254711
0.0230796
0.0125655
0.0115439
0.0126075
0.0206141
0.0222657
0.0229115
0.0231031
0.0227673
0.0229538
0.0221028
0.0226934
0.022159
0.022128
0.0218025
0.0228705
0.0268192
0.0187463
0.0125834
0.0115443
0.0126173
0.0192292
0.0209671
0.0211475
0.0212937
0.0219782
0.0215657
0.0228763
0.0233496
0.02352
0.0232949
0.0248456
0.0249553
0.0226227
0.0212427
0.012602
0.0115425
0.0125773
0.0181454
0.0193105
0.0192631
0.0200139
0.019749
0.0213488
0.0225686
0.0231564
0.023825
0.0257294
0.0292003
0.016841
0.0199531
0.0187775
0.0125656
0.011541
0.0126069
0.0203997
0.0223364
0.0231256
0.0225229
0.0232062
0.0226892
0.0225959
0.0219555
0.0231627
0.0291541
0.0161871
0.0195976
0.0196048
0.0185112
0.0125612
0.0115436
0.0126165
0.0204781
0.0230611
0.0228242
0.0238599
0.0231097
0.023048
0.022365
0.0231759
0.0217358
0.0222176
0.0231071
0.0228394
0.0222038
0.0201637
0.0125884
0.0115451
0.0125928
0.0192316
0.0199452
0.0208745
0.0211983
0.021213
0.021426
0.0231653
0.0184007
0.024182
0.0236077
0.0232729
0.0229534
0.0223807
0.020513
0.0125864
0.0115407
0.0125917
0.0177944
0.0198181
0.0200195
0.0200618
0.0201445
0.0216849
0.0220159
0.021242
0.0216013
0.0214042
0.0212049
0.0208216
0.0208358
0.019208
0.0125624
0.0115431
0.0125866
0.0196675
0.021521
0.0218132
0.0218372
0.0228973
0.0221134
0.0217034
0.0217829
0.0213279
0.0212213
0.0205013
0.0206919
0.0203111
0.0185452
0.0125774
0.0115415
0.0126127
0.0199572
0.0219944
0.022193
0.0234296
0.0173467
0.0268543
0.0224749
0.0223124
0.0223256
0.0226192
0.0227417
0.0225897
0.0217516
0.0200931
0.0125761
0.0115429
0.0125958
0.0189737
0.0201521
0.0211125
0.0202838
0.0253695
0.0228036
0.022278
0.0221532
0.0212519
0.0212944
0.0209887
0.0204586
0.0205157
0.018482
0.0125732
0.0115427
0.0126136
0.0196762
0.0226708
0.0207178
0.0268893
0.0239731
0.0233403
0.0233794
0.0220918
0.021841
0.0216127
0.0207821
0.0209283
0.0200611
0.0194832
0.0125882
0.0115457
0.012612
0.0212965
0.0177779
0.0257655
0.0222636
0.021939
0.0219235
0.0221612
0.0224246
0.0228218
0.0228288
0.0231876
0.0222728
0.0225882
0.0203723
0.0125984
0.0115429
0.0126234
0.0126226
0.0225832
0.0225333
0.0223048
0.0225217
0.0222094
0.0222611
0.0224539
0.0221629
0.0224725
0.0215177
0.0221955
0.0216021
0.0199253
0.0125743
0.011547
