0.721454
1.59189
0.951124
1.02141
1.08041
1.90955
0.902177
1.10246
1.31503
1.93351
2.54527
4.63515
2.51097
4.92812
5.06388
2.97558
1.53524
0.496759
1.12168
1.06923
1.04995
2.65746
1.12132
0.833204
0.964257
1.09207
1.50982
1.67929
1.51088
2.98425
2.96504
2.56386
0.174528
0.238064
0.127684
0.607106
1.36611
1.24464
3.22264
0.234552
0.263754
0.366555
0.205073
0.181713
0.105324
0.146336
0.165219
0.128915
2.59285
7.47123
3.29057
0.626698
1.36353
100.212
2.4468
0.518386
0.622494
0.635204
1.12093
1.42635
6.1143
5.4738
2.37046
2.21665
2.42654
2.21223
3.48473
1.41701
0.401055
83.9043
5.55874
0.623688
0.669404
0.654969
0.807489
0.845709
0.859661
1.44115
2.41792
2.37046
0.279212
0.313481
0.452474
0.416677
0.79024
0.436465
1.19579
0.659102
0.471235
0.364549
0.511078
0.589164
1.00259
2.19171
0.57316
0.387784
0.715667
0.544261
0.563342
0.51857
1.03558
0.364615
0.254995
1.00548
0.741983
0.463677
0.514775
0.371294
0.503249
0.780832
0.751752
0.798726
1.709
1.92034
2.12347
1.74865
1.86766
1
27.8987
1.22728
3.49189
2.84467
2.47748
2.03818
1.63742
2.42919
2.27278
1.87861
0.515797
0.606
0.558304
0.50556
0.69713
5.46726
6.42167
0.749868
0.295751
0.914159
1.57428
0.901712
0.909896
1.29331
0.825948
0.590669
0.543729
0.594069
0.679367
0.541324
0.746168
1.65537
3.66052
1.05572
0.918293
0.338059
0.980659
0.979552
0.890798
1.10345
0.927358
0.622051
0.738324
0.780832
0.813982
0.61143
0.824037
2.0729
2.65595
0.974006
1.25204
0.97412
0.361095
0.982097
1.42796
1.63259
1.33881
0.905212
0.837392
1.10589
0.813494
0.735123
0.804235
1.28573
2.73018
0.736628
0.903331
0.989972
1.04354
0.392099
1.16493
2.13798
1.52104
0.963327
0.559372
0.690398
0.608725
0.499608
0.553237
0.89761
2.44796
0.732882
0.808476
0.929462
1.62864
1.15623
0.381989
1.0911
1.7693
0.637407
2.84139
3.22264
1.87246
1.39095
1.44548
0.929866
1.95314
0.751884
0.850438
0.83699
1.15438
1.49095
1.09807
0.418633
1.04827
5.85443
1.93108
2.00917
1.56051
1.12132
1.18181
0.680982
1.64379
1.10532
1.06333
1.23106
1.91637
2.48749
3.49103
1.16394
0.481548
1.58387
0.79117
1.05679
0.610936
0.528854
0.422264
0.700517
1.12858
0.557196
0.679367
0.718745
1.25471
1.04135
0.94449
3.48473
1.19149
0.348368
