-0.885955
2.307
2.32187
2.39191
2.36545
2.35193
2.27845
2.19959
2.14477
2.10445
2.06593
2.06278
2.09809
2.09641
2.14162
2.23443
2.30113
-0.881628
2.24499
2.17242
2.13525
2.08994
2.08273
2.09266
2.09866
2.12827
2.19774
2.2532
2.31531
2.32518
2.33892
2.30672
2.19574
2.27215
-0.867237
2.30239
2.23927
2.22338
2.20257
2.18598
2.16538
2.15366
2.14668
2.14453
2.16991
2.16008
2.18146
2.20371
2.13365
2.27857
2.29009
-0.858218
2.25896
2.18632
2.1497
2.13032
2.11332
2.1068
2.118
2.13419
2.17159
2.17692
2.21088
2.22882
2.05828
2.29919
2.24448
2.29979
-0.875711
2.27293
2.20064
2.18102
2.15337
2.13351
2.13348
2.1284
2.12976
2.13155
2.15795
2.16851
2.18465
2.13535
2.19773
2.23317
2.27144
-0.8658
2.28012
2.23238
2.21754
2.19863
2.18268
2.16383
2.16203
2.14069
2.14455
2.15921
2.34954
1.9867
2.12519
2.17052
2.17617
2.26595
-0.874635
2.29624
2.26213
2.26179
2.25399
2.23129
2.20888
2.17474
2.15644
2.15833
1.98821
2.32473
2.2276
2.25315
2.23838
2.25973
2.28811
-0.870184
2.26851
2.19702
2.17422
2.15205
2.1354
2.11666
2.11957
2.11726
1.93415
2.41877
2.22101
2.25181
2.24285
2.27028
2.25602
2.2911
-0.875907
2.25571
2.1888
2.15469
2.12892
2.10545
2.10604
2.08994
2.21301
2.05467
2.12856
2.15842
2.14033
2.18044
2.18489
2.20577
2.26587
-0.879548
2.27634
2.22831
2.22054
2.19295
2.18227
2.17285
2.30019
1.99742
2.11974
2.14279
2.11545
2.15225
2.15364
2.17171
2.2019
2.26095
-0.878223
2.28104
2.24202
2.22537
2.22115
2.20816
2.08769
2.23353
2.13411
2.15692
2.15744
2.18595
2.19478
2.21328
2.22989
2.24017
2.27956
-0.876484
2.27401
2.19294
2.17527
2.14624
2.30112
2.04395
2.14686
2.15971
2.12422
2.13681
2.12561
2.13382
2.15263
2.1792
2.19782
2.26457
-0.867683
2.27521
2.24112
2.23671
2.35586
2.06296
2.19572
2.20306
2.15357
2.14435
2.1167
2.11193
2.11868
2.13314
2.15236
2.18471
2.2686
-0.881339
2.29389
2.27013
2.18857
2.18813
2.14067
2.14669
2.13545
2.13491
2.13988
2.16019
2.1907
2.21503
2.23316
2.24618
2.26406
2.27676
-0.871987
2.26799
2.26987
2.18712
2.18303
2.18744
2.16403
2.14717
2.13389
2.13464
2.14486
2.16202
2.17285
2.18902
2.22273
2.21584
2.27372
-0.87375
