0	0	21106.0	-2063.0
1	1	27559.0	3653.0
2	0	21691.0	-2174.0
3	0	2365.0	-224.0
4	0	875.0	-84.0
5	0	342.0	-32.0
6	0	134.0	-13.0
7	0	52.0	-5.0
8	0	32.0	-2.0
9	0	17.0	-1.0
10	0	12.0	-2.0
11	0	54.0	-6.0
12	0	135.0	-13.0
13	0	352.0	-37.0
14	0	862.0	-88.0
15	0	2434.0	-248.0
0	0	23005.0	-2132.0
1	1	-30221.0	2830.0
2	1	-28424.0	2780.0
3	0	23791.0	-2213.0
4	0	3187.0	-307.0
5	0	1241.0	-119.0
6	0	478.0	-47.0
7	0	186.0	-20.0
8	0	71.0	-7.0
9	0	41.0	-4.0
10	0	37.0	-3.0
11	0	74.0	-8.0
12	0	184.0	-17.0
13	0	474.0	-46.0
14	0	1173.0	-112.0
15	0	3305.0	-316.0
0	0	23991.0	-2265.0
1	0	-27425.0	2573.0
2	0	-5685.0	560.0
3	0	-14140.0	1261.0
4	0	11807.0	-1044.0
5	0	1647.0	-143.0
6	0	636.0	-56.0
7	0	247.0	-23.0
8	0	94.0	-9.0
9	0	52.0	-5.0
10	0	44.0	-4.0
11	0	85.0	-9.0
12	0	209.0	-20.0
13	0	540.0	-54.0
14	0	1337.0	-131.0
15	0	3763.0	-369.0
0	0	24026.0	-2269.0
1	0	-27293.0	2569.0
2	0	-5323.0	544.0
3	0	-5442.0	536.0
4	1	-25505.0	2505.0
5	1	24828.0	-2419.0
6	0	3890.0	-384.0
7	0	1503.0	-161.0
8	0	559.0	-60.0
9	0	249.0	-25.0
10	0	113.0	-12.0
11	0	112.0	-12.0
12	0	220.0	-21.0
13	0	546.0	-55.0
14	0	1345.0	-132.0
15	0	3782.0	-370.0
0	0	24141.0	-2287.0
1	0	-26968.0	2540.0
2	0	-4375.0	445.0
3	0	-2947.0	293.0
4	0	-4287.0	430.0
5	1	-24779.0	2408.0
6	1	25102.0	-2483.0
7	0	3836.0	-406.0
8	0	1429.0	-154.0
9	0	617.0	-61.0
10	0	239.0	-25.0
11	0	164.0	-18.0
12	0	241.0	-24.0
13	0	561.0	-56.0
14	0	1366.0	-135.0
15	0	3837.0	-376.0
0	0	24183.0	-2294.0
1	0	-26848.0	2528.0
2	0	-4030.0	408.0
3	0	-2037.0	203.0
4	0	-1968.0	203.0
5	0	-3995.0	401.0
6	1	-24967.0	2438.0
7	1	24881.0	-2544.0
8	0	3699.0	-393.0
9	0	1588.0	-159.0
10	0	570.0	-60.0
11	0	293.0	-32.0
12	0	292.0	-29.0
13	0	583.0	-59.0
14	0	1380.0	-136.0
15	0	3859.0	-379.0
0	0	24201.0	-2296.0
1	0	-26802.0	2524.0
2	0	-3900.0	393.0
3	0	-1695.0	167.0
4	0	-1096.0	112.0
5	0	-1681.0	166.0
6	0	-3950.0	386.0
7	1	-24996.0	2460.0
8	1	24579.0	-2440.0
9	0	4181.0	-385.0
10	0	1474.0	-145.0
11	0	642.0	-67.0
12	0	419.0	-41.0
13	0	636.0	-65.0
14	0	1400.0	-138.0
15	0	3873.0	-381.0
0	0	24212.0	-2297.0
1	0	-26781.0	2522.0
2	0	-3848.0	388.0
3	0	-1562.0	154.0
4	0	-756.0	77.0
5	0	-773.0	76.0
6	0	-1567.0	156.0
7	0	-3920.0	385.0
8	1	-24568.0	2386.0
9	1	26961.0	-2450.0
10	0	3806.0	-365.0
11	0	1562.0	-157.0
12	0	763.0	-77.0
13	0	768.0	-79.0
14	0	1449.0	-143.0
15	0	3896.0	-384.0
0	0	24229.0	-2299.0
1	0	-26766.0	2520.0
2	0	-3826.0	385.0
3	0	-1510.0	149.0
4	0	-624.0	64.0
5	0	-427.0	45.0
6	0	-652.0	69.0
7	0	-1531.0	162.0
8	0	-3802.0	395.0
9	1	-26826.0	2560.0
10	1	24530.0	-2474.0
11	0	3964.0	-415.0
12	0	1670.0	-175.0
13	0	1119.0	-118.0
14	0	1575.0	-158.0
15	0	3948.0	-389.0
0	0	24270.0	-2303.0
1	0	-26746.0	2517.0
2	0	-3811.0	384.0
3	0	-1487.0	147.0
4	0	-572.0	59.0
5	0	-294.0	30.0
6	0	-297.0	32.0
7	0	-593.0	65.0
8	0	-1436.0	152.0
9	0	-4129.0	402.0
10	1	-24364.0	2379.0
11	1	25121.0	-2502.0
12	0	3968.0	-406.0
13	0	2008.0	-212.0
14	0	1896.0	-192.0
15	0	4079.0	-404.0
0	0	24373.0	-2313.0
1	0	-26699.0	2510.0
2	0	-3790.0	381.0
3	0	-1473.0	145.0
4	0	-550.0	56.0
5	0	-241.0	25.0
6	0	-162.0	18.0
7	0	-243.0	28.0
8	0	-546.0	61.0
9	0	-1558.0	159.0
10	0	-3659.0	387.0
11	1	-24653.0	2456.0
12	1	24773.0	-2370.0
13	0	4306.0	-447.0
14	0	2726.0	-276.0
15	0	4419.0	-440.0
0	0	24653.0	-2337.0
1	0	-26574.0	2493.0
2	0	-3737.0	375.0
3	0	-1450.0	143.0
4	0	-536.0	55.0
5	0	-220.0	22.0
6	0	-112.0	13.0
7	0	-112.0	14.0
8	0	-216.0	25.0
9	0	-596.0	63.0
10	0	-1397.0	151.0
11	0	-3727.0	390.0
12	1	-24650.0	2361.0
13	1	25514.0	-2572.0
14	0	4972.0	-493.0
15	0	5342.0	-531.0
0	0	25366.0	-2395.0
1	0	-26258.0	2452.0
2	0	-3606.0	360.0
3	0	-1398.0	137.0
4	0	-515.0	52.0
5	0	-205.0	21.0
6	0	-90.0	10.0
7	0	-59.0	7.0
8	0	-83.0	9.0
9	0	-220.0	23.0
10	0	-507.0	55.0
11	0	-1359.0	140.0
12	0	-3559.0	327.0
13	0	-24227.0	2331.0
14	1	24800.0	-2373.0
15	0	7692.0	-751.0
0	0	27260.0	-2555.0
1	0	-25417.0	2339.0
2	0	-3257.0	320.0
3	0	-1261.0	121.0
4	0	-463.0	46.0
5	0	-182.0	18.0
6	0	-75.0	8.0
7	0	-37.0	5.0
8	0	-32.0	4.0
9	0	-78.0	9.0
10	0	-178.0	20.0
11	0	-472.0	50.0
12	0	-1245.0	117.0
13	0	-3278.0	318.0
14	0	-22539.0	2139.0
15	1	28827.0	-2803.0
0	1	-28314.0	-3367.0
1	0	-23245.0	2061.0
2	0	-2357.0	221.0
3	0	-911.0	83.0
4	0	-333.0	32.0
5	0	-132.0	13.0
6	0	-53.0	6.0
7	0	-22.0	3.0
8	0	-11.0	1.0
9	0	-24.0	3.0
10	0	-50.0	6.0
11	0	-131.0	14.0
12	0	-340.0	32.0
13	0	-895.0	86.0
14	0	-2208.0	207.0
15	0	-21800.0	2041.0
0	0	39.0	-2.0
1	0	3.0	-2.0
2	0	23.0	-2.0
3	0	52.0	-5.0
4	0	133.0	-13.0
5	0	352.0	-33.0
6	0	927.0	-90.0
7	0	2429.0	-235.0
8	0	21410.0	-2101.0
9	1	27515.0	3577.0
10	0	21176.0	-2142.0
11	0	2402.0	-253.0
12	0	899.0	-95.0
13	0	348.0	-38.0
14	0	127.0	-14.0
15	0	47.0	-6.0
