0.0169162
0.00462975
0.0122694
0.0123604
0.0136835
0.0120553
0.0141122
0.0150523
0.0242644
0.0220446
0.0194839
0.0209047
0.0201992
0.0205853
0.0209047
0.00543641
0.00450942
0.0169088
0.00986419
0.0664331
0.0726184
0.0688413
0.0577289
0.00364395
0.000743326
0.0160336
0.0121856
0.00964704
0.00968849
0.00992271
0.0101624
0.0100415
0.0429563
0.00910339
0.0183335
0.00536433
0.0175132
0.015408
0.0174793
0.0112221
0.00441482
0.0181547
0.0204836
0.039742
0.0401575
0.0413521
0.0425441
0.0423442
0.0195733
0.019774
0.00568003
0.0190262
0.00606646
0.017525
0.0199692
0.0200252
0.0198105
0.0185901
0.0177419
0.0192138
0.0190387
0.0195127
0.0195561
0.0193274
0.0181071
0.0181761
0.0179623
0.00542299
0.0187415
0.00543296
0.0212246
0.0215049
0.0257664
0.0191898
0.0186548
0.0183313
0.0183035
0.0176518
0.0186325
0.0177644
0.0196008
0.0199289
0.0194961
0.0198206
0.00629832
0.0190889
0.00557261
0.0183522
0.0178227
0.0165923
0.0160582
0.0161728
0.0161622
0.017685
0.0204848
0.0194839
0.0132984
0.0137016
0.0135042
0.013669
0.0153199
0.00478853
0.0183778
0.0100793
0.0457799
0.0461325
0.0458943
0.0412049
0.0410484
0.0240884
0.0263301
0.0142076
0.0368918
0.0389017
0.0388148
0.0393357
0.0437437
0.0385026
0.00951922
0.01778
0.00689791
0.015802
0.0153387
0.0154732
0.0150238
0.0155427
0.0172203
0.02484
0.0204055
0.0156088
0.0149025
0.0149398
0.0169277
0.014871
0.0170655
0.00579933
0.01808
0.00936925
0.0450416
0.0447592
0.0436231
0.0435333
0.049689
0.0312955
0.0291298
0.0283219
0.0275397
0.0280816
0.0314022
0.0278624
0.0318192
0.0326633
0.00849941
0.0172662
0.00810392
0.0285989
0.0279218
0.0282802
0.0286432
0.0280993
0.0134952
0.0156852
0.0233746
0.0458994
0.0605794
0.0559059
0.0623682
0.0451628
0.0986473
0.00991175
0.0185087
0.00479408
0.0129745
0.0130844
0.0131683
0.0131147
0.0202361
0.0205131
0.0190297
0.0167595
0.0184613
0.0158736
0.0175562
0.0185664
0.0161885
0.0162696
0.00504391
0.0189839
0.00559362
0.0201667
0.0202776
0.0200596
0.0162448
0.0162052
0.0159432
0.01708
0.0216253
0.021333
0.0230333
0.0150262
0.0433137
0.0207961
0.0202799
0.00571934
0.0191103
0.00507821
0.0162211
0.0159552
0.0193515
0.0195668
0.0194776
0.0192686
0.0221993
0.019244
0.0190677
0.0188306
0.0180753
0.0169986
0.0164425
0.0164344
0.00507082
0.0190673
0.00554076
0.0191315
0.0160032
0.0160562
0.0158053
0.0159245
0.0177951
0.017223
0.0200266
0.00575408
0.0126867
0.0201288
0.0195741
0.0194301
0.0190681
0.00548231
0.0190927
0.00493252
0.00547749
0.0193053
0.018869
0.0189558
0.0210382
0.0191728
0.0205251
0.0113509
0.00510356
0.0164404
0.0160146
0.015922
0.0155431
0.0159216
0.00502672
0.0191051
