0.0187443
0.00553851
0.00809179
0.0081379
0.00907982
0.00799282
0.00934393
0.0103258
0.000738647
0.0336559
0.0502978
0.0547841
0.0559342
0.0565234
0.0580778
0.00734022
0.00559641
0.018554
0.016558
0.0744547
0.084606
0.0746601
0.091154
0.0800265
0.000674373
0.0179556
0.0081893
0.00741728
0.00706779
0.00719085
0.00734208
0.00725742
0.0649198
0.012486
0.0158329
0.00655525
0.0220299
0.0193511
0.0222243
0.0220099
0.00815266
0.0224518
0.0276782
0.0437613
0.0560944
0.061118
0.0644281
0.0629846
0.0248166
0.0249556
0.00697537
0.0168678
0.00764888
0.0231363
0.026664
0.0264183
0.0329674
0.0241811
0.0224166
0.0224094
0.0233519
0.0236967
0.0248532
0.0242467
0.0237242
0.0240311
0.0236502
0.00679505
0.0165171
0.00671252
0.0271832
0.0269437
0.0294959
0.0243479
0.0232935
0.0224267
0.0224445
0.0224053
0.0245912
0.0234348
0.0254056
0.0260854
0.0254336
0.0256867
0.00782797
0.0169636
0.00686225
0.0227054
0.0263738
0.0208006
0.0200826
0.019698
0.019913
0.0211445
0.0269023
0.0251489
0.0167802
0.0169454
0.0169238
0.0169735
0.0190929
0.00581378
0.0159685
0.0135896
0.0649773
0.0721431
0.0690111
0.0674909
0.0611674
0.0486379
0.0298772
0.0185794
0.0448372
0.0592094
0.0567638
0.0580048
0.0663708
0.0580649
0.0131967
0.0157119
0.0075339
0.0196741
0.01921
0.0192713
0.0187929
0.019051
0.0232845
0.0271495
0.0292163
0.0215589
0.0184957
0.0186541
0.0211704
0.0185198
0.0213659
0.00707279
0.0155459
0.0129351
0.0689431
0.0686489
0.0663095
0.0649203
0.0692056
0.0486379
0.0406917
0.0389248
0.0380174
0.0380781
0.0442717
0.0390956
0.0447987
0.0448946
0.0117322
0.0167327
0.0111997
0.0397815
0.0390463
0.0392695
0.040185
0.0392237
0.0163497
0.0192143
0.0253832
0.048642
0.0871138
0.0877171
0.0955945
0.0952668
0.614623
0.0134527
0.0161897
0.00582457
0.016121
0.0163186
0.0164649
0.0162881
0.0259539
0.0266718
0.0243299
0.0211993
0.0235826
0.0199972
0.0223091
0.0222478
0.0186157
0.0203951
0.00613718
0.0169439
0.00691477
0.0261669
0.0263998
0.0259718
0.0203999
0.0202298
0.0196278
0.0201053
0.025423
0.0269248
0.0294355
0.0296084
0.0359561
0.027046
0.0262731
0.00707107
0.0169624
0.00617301
0.0203247
0.0200432
0.0250709
0.0254012
0.0250524
0.0243228
0.0269421
0.0238444
0.0226094
0.023075
0.0162248
0.0214169
0.0206806
0.0206072
0.00616582
0.0169745
0.00684764
0.024676
0.0201346
0.02023
0.0199811
0.0198546
0.0226311
0.0216036
0.0241401
0.0256916
0.212413
0.0256527
0.0251505
0.0250991
0.0245517
0.00675722
0.0169348
0.00602171
0.00674243
0.0246663
0.0242059
0.0242298
0.0270787
0.0246266
0.0256894
0.0241589
0.00825172
0.0209396
0.0200728
0.0201817
0.0196197
0.0200267
0.00613067
0.0170766
