0.994284
-1.93375
-1.77029
-1.72649
-1.72621
-1.74963
-1.75856
-1.74839
-1.73595
-1.72345
-1.7274
-1.72512
-1.71024
-1.70798
-1.70461
-1.73232
-1.89153
0.906396
-1.80825
-1.71812
-1.71767
-1.739
-1.75065
-1.72821
-1.74153
-1.75065
-1.74057
-1.75172
-1.73595
-1.73535
-1.72972
-1.73937
-1.75275
-1.87713
1.07125
-1.71709
-1.28474
-1.44644
-1.5708
-1.5708
-1.89255
-1.76819
-1.76819
-1.73595
-1.73416
-1.72847
-1.72369
-1.73164
1.26492
1.2668
-1.76033
1.07142
-1.87095
-1.74397
-1.75065
-1.72921
-1.72779
-1.72945
-1.7274
-1.76819
-1.76819
-2.03444
1.5708
1.40565
-1.74811
-1.75942
-1.76262
-1.83248
0.957158
-1.78279
-1.75302
-1.73021
-1.73019
-1.72993
-1.73844
-1.74153
-1.76819
-1.73071
-1.72036
-1.72987
-1.75361
-1.76178
-1.7634
-1.72416
-1.81812
-1.08279
-1.75049
-1.69719
-1.7088
-1.71269
-1.73595
-1.73595
-1.71269
-1.7976
-1.72579
-1.73404
-1.8491
-1.78189
-1.74057
-1.71105
-1.71589
-1.74265
-1.08249
-1.82166
-1.7274
-1.72486
-1.72523
-1.7345
-1.72434
-1.72117
-1.73595
-1.71269
-1.74153
-1.75969
-1.75685
-1.71611
-1.71684
-1.73809
-1.78329
0.964461
-1.80319
-1.7317
-1.73104
-1.73985
-1.72945
-1.73117
-1.75391
-1.73595
-1.78947
-1.77384
-1.77282
-1.72457
-1.72359
-1.74455
-1.75513
-1.82106
1.01717
-1.73073
-1.71884
-1.72678
-1.71771
-1.72082
-1.72579
-1.75614
-1.76819
-1.78947
-1.78947
-1.72117
-1.71787
-1.73085
-1.74091
-1.72012
-1.73065
1.01512
-1.85361
-1.74026
-1.73049
-1.73088
-1.72594
-1.73389
-1.74366
-1.78189
-1.76819
-1.73595
-1.72889
-1.74366
-1.75153
-1.73099
-1.73117
-1.81619
0.95037
-1.77108
-1.727
-1.72661
-1.72139
-1.72945
-1.75267
-1.76819
-1.77481
-1.73595
-1.72945
-1.75336
-1.74751
-1.7269
-1.72512
-1.72631
-1.77912
0.968736
-1.76805
-1.7325
-1.72595
-1.73401
-1.74722
-1.76313
-1.76028
-1.74153
-1.74547
-1.74751
-1.75336
-1.73389
-1.72973
-1.73013
-1.73252
-1.7807
0.967845
-1.81189
-1.72309
-1.72981
0.785398
0.785398
0
-1.5708
-1.76819
-1.78189
-1.75778
-1.73416
-1.72929
-1.72715
-1.72857
-1.7382
-1.85002
1.08095
-1.72009
0.844154
-1.75357
-1.76252
-1.76289
-1.72345
-1.72616
-1.75065
-1.78189
-1.73595
-1.81577
-1.73595
-1.66146
-1.6421
-1.62707
-1.72581
1.08963
-1.79926
-1.75361
-1.75337
-1.75508
-1.71183
-1.71728
-1.75391
-1.76819
-1.75614
-1.75065
-1.73189
-1.72889
-1.73625
-1.72945
-1.73168
-1.81898
1.07002
