0.000758814
-0.0123081
0.0109128
0.0125256
0.0168701
0.0146934
0.0128095
0.0111116
0.003553
-0.00178418
-0.00609986
-0.00611374
-0.0100843
-0.0115242
-0.00812369
0.000326798
-0.0055846
-0.0041819
0.000770585
-0.0133359
-0.0162819
-0.0200316
-0.0186704
-0.0104403
-0.00648428
0.00295197
0.01099
0.0222941
0.0244027
0.0222535
0.020214
0.0151121
-0.00563995
-0.00136534
-0.00126725
-0.00138473
0.00271944
0.00133771
0.00191379
0.00437197
0.0013228
0.00131202
-0.000182375
0.00247798
-0.000885114
-0.00503824
-0.00479328
-0.00311733
-0.0120842
-0.0046085
-0.000576449
-0.000345323
-0.00881339
0.00718508
0.0097425
0.0133397
0.00967494
0.00699062
0.00429193
0.00456014
-0.00254473
-0.00793729
-0.010349
-0.00994585
0.00861223
0.0122297
0.00855908
-0.00390892
-0.00318397
0.00137856
-0.00768987
-0.00800463
-0.0117712
-0.0112232
-0.00849153
-0.00137218
0.00198279
0.00208173
0.0074376
0.011681
-0.0120253
-0.00792913
-0.00738217
-0.00681215
0.000424148
8.97579e-005
-0.00413132
0.00730042
0.00610951
0.00628466
0.00662685
0.00766401
0.00187129
-0.00386354
-0.0069507
-0.00784442
-0.00541842
-0.00121217
-0.00095224
-0.00252825
0.00102822
-0.00107086
-0.000945944
-0.00726834
0.00106472
0.00133851
0.00143173
0.00459766
0.00132964
-0.00282436
-0.00259165
-0.00191629
0.000191528
0.00924869
0.0126266
0.0123611
0.0140571
0.00833136
-0.00314867
-0.00306382
0.00366879
-0.0114037
-0.0153977
-0.0134035
-0.0147851
-0.0154024
-0.00920337
-0.00237604
-0.00677079
-0.00713739
-0.0135641
-0.0186075
-0.0163629
-0.0163593
-0.012071
0.00216375
0.00118282
-0.00524367
0.00784827
0.0149788
0.0129288
0.00839599
0.00488227
0.00222921
-0.00310721
0.00010475
-0.00120402
-0.00354842
-0.000921979
-0.00353413
-0.00282668
0.00137004
-0.00049899
-0.00083203
-0.00304078
0.00559441
0.00347425
0.000468157
0.000518223
0.000607094
-0.00358901
0.00104023
0.00048572
-0.000533421
0.00269803
0.00105979
0.00113336
0.00433522
0.00103267
-0.00148831
-0.000919103
-0.00659766
0.00103423
-0.00232026
-0.00246521
-0.000841909
-0.0183272
-0.010487
-0.00635647
-0.00278494
0.00563716
0.00809998
0.0118556
0.016121
0.0118075
0.00826158
-0.00546049
-0.00326798
0.00395242
-0.0125435
-0.0160322
-0.0160976
0.0115823
0.0152432
0.0111448
0.00405304
0.000593708
-0.00692983
-0.0127797
-0.0138292
-0.0191285
-0.0171345
-0.012286
0.00126568
0.000853991
-0.00199081
0.00692316
0.0131875
0.0112054
0.0176159
0.0161665
0.0115383
0.0107214
0.0040508
-0.00236248
-0.00437316
-0.0118869
-0.0124338
-0.0109995
-0.00391432
0.000171495
-3.17926e-005
-0.00588011
0.0103553
0.00256325
0.00839945
0.00877894
0.00602248
0.00933211
0.00487414
0.00329309
0.00469155
-0.000927581
-0.000901834
-0.00161264
0.00227869
0.000702948
-0.00170761
-0.00443797
-0.00584988
0.00271062
-0.00100599
-0.00278872
-0.00502166
-0.00109308
-0.00219187
0.000183048
0.00624788
0.00561945
0.00724001
0.00862296
0.0126424
0.00880549
0.004052
-0.00363623
-0.00235893
