0.548344
0.251346
9.01266
71.7811
29.8654
13.5392
1
15.3652
14.7757
15.4129
0.194951
0.24397
42.2035
51.1132
39.922
0.249675
0.252811
0.548454
0.250048
10.0057
32.1015
29.8654
30.2745
17.2936
21.7297
14.7757
0.180117
0.203125
30.2533
42.2035
24.095
28.2291
39.922
0.250093
0.549886
0.249262
9.71837
50.7569
29.8654
21.4073
24.4569
15.3652
0.161979
0.17029
24.3759
30.2533
13.3459
51.1132
51.1132
16.1375
0.250542
0.547663
0.249869
12.0237
71.7811
29.8654
1
17.2936
0.163376
0.158303
21.7972
24.3759
10.0844
21.1017
29.8424
51.1132
39.922
0.250266
0.547888
0.24894
12.3867
50.7569
42.236
21.4073
0.14716
0.131577
14.7757
21.7972
8.1253
13.5297
30.2533
42.2035
72.285
31.1739
0.250375
0.549364
0.250247
11.4397
1
42.236
0.136715
0.111508
21.7297
20.896
7.26572
10.9012
1
30.2533
1
72.285
37.0667
0.251055
0.54766
0.248299
9.32022
71.7811
0.577223
0.419027
24.4569
15.3652
6.96532
9.74799
21.7972
1
1
29.8424
51.1132
34.2328
0.248889
0.544046
0.244591
12.7848
1.38117
0.844552
1
17.2936
10.8648
14.7757
20.896
1
1
30.2533
42.2035
36.1425
31.1739
0.245026
0.544606
0.235378
1.24915
0.49503
42.236
21.4073
7.73395
21.7297
21.7297
14.7757
1
17.2364
30.2533
42.2035
72.285
48.4125
0.238964
0.546747
0.230708
0.260882
71.7811
1
9.57365
24.4569
1
21.7297
1
21.7972
10.9012
9.56692
13.3459
20.0482
37.0667
0.231929
0.473128
0.222971
4.93844
32.1015
21.118
21.4073
30.2745
17.2936
1
20.896
15.4129
4.87518
30.2533
21.1017
72.285
6.56314
0.222823
0.475402
0.247517
10.8847
32.1015
21.118
42.236
1
1
21.7297
9.34496
10.8986
24.3759
30.2533
42.2035
51.1132
1.52091
0.216462
0.548698
0.250447
10.9009
50.7569
71.7811
1
30.2745
17.2936
21.7297
9.34496
21.7972
24.3759
30.2533
42.2035
0.821367
2.31713
0.250844
0.549345
0.249342
11.1867
9.11492
71.7811
42.236
21.4073
24.4569
10.8648
20.896
15.4129
17.2364
21.3923
0.322164
0.556038
16.4078
0.251326
0.548663
0.250929
0.249185
10.1592
71.7811
1
30.2745
10.9375
21.7297
20.896
21.7972
24.3759
0.245929
0.345918
51.1132
12.2619
0.251681
0.548105
