0.563771
0.255979
0.0301428
0.0271459
0.0272063
0.0264666
0.0267407
0.0267075
0.0261501
0.0259698
0.0247857
0.0250466
0.0251042
0.0256599
0.0290604
0.255156
0.257049
0.562734
0.253446
0.0299996
0.0271202
0.0258249
0.026302
0.0265259
0.0264637
0.0265385
0.026
0.0262291
0.0264172
0.0261125
0.0268515
0.030875
0.0292689
0.255191
0.56262
0.254513
0.030626
0.0265864
0.0266125
0.026699
0.0264996
0.0264897
0.0257012
0.0261162
0.0258487
0.0254977
0.0254467
0.0270277
0.0268543
0.0300334
0.257184
0.563438
0.255006
0.0290705
0.0264715
0.0261132
0.0260119
0.0262085
0.0256671
0.0262857
0.026592
0.0260881
0.0261079
0.0269331
0.0257799
0.0266887
0.029848
0.256172
0.561836
0.253165
0.0308366
0.0278183
0.0271683
0.0272214
0.0265324
0.0269333
0.0268866
0.0264465
0.0259072
0.0266857
0.0270011
0.0270956
0.027703
0.0301284
0.252687
0.560806
0.252764
0.0298393
0.0260628
0.0255346
0.0250364
0.0257331
0.0263626
0.0264099
0.0267852
0.0276629
0.0257306
0.0257987
0.0257135
0.0262056
0.0297094
0.254168
0.56001
0.251474
0.0298865
0.0264384
0.0253748
0.0258885
0.0262085
0.0260193
0.0259553
0.026857
0.026068
0.025742
0.0256055
0.0253972
0.0265707
0.0290845
0.253429
0.556998
0.248278
0.0300486
0.0261411
0.0261946
0.0265261
0.0262505
0.0261863
0.0269721
0.026383
0.0266195
0.0263835
0.0263018
0.0266941
0.0266954
0.0303413
0.249227
0.555758
0.250228
0.029157
0.026204
0.0260192
0.0258468
0.0259664
0.0270814
0.026011
0.0262282
0.0263623
0.0261026
0.0265489
0.025805
0.026842
0.0298664
0.250934
0.558498
0.251661
0.0295192
0.0262353
0.0254657
0.0255557
0.0265837
0.0263008
0.0264042
0.0262969
0.0261449
0.0261699
0.025414
0.0257252
0.026362
0.0293703
0.252802
0.56096
0.253157
0.030469
0.0265915
0.0261132
0.0270571
0.0254574
0.0256835
0.0258034
0.0258469
0.0264153
0.025523
0.0259124
0.0258497
0.0262656
0.0296515
0.254753
0.563244
0.256049
0.0290184
0.025624
0.0260716
0.0254322
0.0256064
0.0257281
0.0259056
0.0265309
0.0260511
0.0262846
0.0264016
0.0261198
0.0269324
0.029512
0.257407
0.563048
0.253487
0.0290197
0.026587
0.0270947
0.0267056
0.0267276
0.0266534
0.0269276
0.0259457
0.0260851
0.0256558
0.0252425
0.0252165
0.0253255
0.0289521
0.253976
0.562734
0.254596
0.0310111
0.0302637
0.0267086
0.0261796
0.0262247
0.0267368
0.0261742
0.0265611
0.0267831
0.0263055
0.0264016
0.025665
0.0267206
0.0300007
0.256226
0.562488
0.252847
0.256269
0.0284538
0.0248577
0.0242551
0.0248191
0.0245003
0.02543
0.0261694
0.0266427
0.0269654
0.0266464
0.0271411
0.0278739
0.0303049
0.254235
0.561999
