3.046313070293071
-3.053278938517822
3.1219935698433
-2.0229501890806727
-2.019519670805618
-2.0344439357957027
-2.214297435588181
-2.819842099193151
-2.896613990462929
3.141592653589793
3.026716048172894
3.0419240010986313
3.035253727597087
3.0362755256066
3.0368950629274027
3.0388034610413808
3.048765050225392
-0.09794608962436867
-0.056096391786433754
3.080888140603611
3.078410554883033
3.078861001432917
3.079982414268646
3.0750244898139694
3.061762667877556
3.070285188804503
3.0535852800620527
3.050932766389048
3.0471377181947465
3.043121844406745
3.0449887547905043
3.04691420861474
3.0526107679903562
-0.1279271632120264
0.08738749086828979
0.08546215944930366
-3.072074436171818
-3.061949269853371
-3.063905011660247
-3.0810606338076862
-3.1058935409104693
3.141592653589793
3.0828368308740703
3.058451421701352
3.0560873599115888
3.0561906870449262
3.056317278599927
3.058451421701352
3.052542335580611
-0.1281486624381653
0.09246286836458932
0.29365717232614036
-0.03826465907900158
-3.134454493508441
-3.12499136917098
-3.128348394925064
-3.1241271808034363
3.141592653589793
3.0947519406738238
3.0680413631012535
3.057678026650602
3.056499179099674
3.0565044784324877
3.058343184879608
3.053023647610329
-0.12972337713532558
0.0799897556421768
0.22914939324526729
0.018653528904395224
-0.09359855397537217
3.0775459732357167
3.0792841896385856
3.0786986149257975
3.078220295319976
3.070673538299543
3.0642822594103016
3.055965631366846
3.057711229386495
3.057603296866846
3.0595958577286755
3.0536191341436933
-0.13213272852334823
0.0641688082095023
0.11696369089802376
0.38128716945809027
0.19299030200306988
-0.017853493795395876
-3.1187732016451433
-3.11558893387934
-3.116079849178826
-3.1292981911116406
3.111298893671018
3.0714599312890765
3.0603559022584568
3.0593569451483873
3.0611633086437555
3.053681982508323
-0.13223121455241607
0.06168117339229357
0.10527167555183689
0.4250910588661514
0.19227820536314236
0.03723500381288076
-0.10161556282102262
3.0761400627559214
3.0861483939682097
3.0820301625897772
3.074619795380377
3.0654458924740497
3.060206753411881
3.0597614126156927
3.061350275509574
3.0538644550503884
-0.1327240646509407
0.05762355658059576
0.07991159837834191
0.7685142144658306
0.3921187583435515
0.26637105426758356
0.17243418273424527
-0.03692180179126292
-3.128651613981659
-3.12238733212324
-3.1360139109071983
3.110422351518056
3.072045556663735
3.061876065847246
3.0617317855700397
3.053889747017979
-0.13285967818537564
0.05644291182105534
0.07500058826102877
0.8764697426292775
0.4554510712508935
0.37880376808789157
0.2735622289905464
0.14481249823893905
-0.03526067821883845
-3.1322978724909154
-3.1301515052336453
3.13206913199618
3.087692590237991
3.064820762320015
3.0624585619893008
3.053903744857909
-0.12941427800764208
-0.007385996176106895
0.07431994648803068
0.8876654398525962
0.4560719963496107
0.39644128321844135
0.28432005586389936
0.14952260150855107
0.03267682350683204
-0.10228065860145207
3.0769694409764443
3.079215210351486
3.0719805445093797
3.0632993551043928
3.0621297750563654
3.054214520875805
-0.1297122020109551
-0.008634653822647791
0.07163765518309356
0.9454750330745906
0.4734753024187265
0.5659676030477654
0.507098504392337
0.3699889655745805
0.27917994046787675
0.14825045390649266
-0.019595327636167847
-3.1195337384504156
3.1406035342288825
3.090530650569621
3.067399774316345
3.0548968939999996
-0.1298526337492062
-0.00867746814387617
0.07097554519578311
0.9518438569459916
0.46882890978504466
0.5774396161445141
0.6066051085945269
0.5019064430519933
0.3935224873324619
0.2643811439437455
0.2024581331721868
-0.02020131256266729
-3.120921357378659
3.119732337127225
3.076882945154645
3.0564170246559477
-0.13020034400787633
-0.009200911409526252
0.06932586265310416
0.9514232647769835
0.4636476090008061
0.5800027742076809
0.6489955589965009
0.6022873461349642
0.5059503992710761
0.36826593385728634
0.30558280904302965
0.1610640361876727
-0.008659620898668
-3.129606136858112
3.093965147311196
3.0596163214563576
-0.13075383347739022
-0.009094595502440855
0.06758250917493135
0.9477970768901736
0.4608464958787135
0.5750722897323907
0.65788860518221
0.7454194762741583
0.6510767214444797
0.4939413689195812
0.41620548979168887
0.27758943185180235
0.20523239000620688
-0.008545771739268055
3.1281142884683764
3.066038552796043
-0.12893249452229408
-9.514744987936009E-4
0.0710502851938751
0.9561333748727311
0.4636476090008061
0.5585993153435624
0.6528466311007742
0.7853981633974483
0.982793723247329
1.5707963267948966
1.1071487177940904
1.1071487177940904
1.0121970114513341
0.9453112865556675
-0.02231149925043156
-2.4227626539681686
-2.2655346029916
-2.4227626539681686
-1.9195673303788037
-2.787333230911127
-2.80097641317148
-2.910234033560009
-2.9842329139260437
3.1112670048990654
0.008164621991054189
3.1150048800418486
-3.0173515153558723
-2.872344038065567
-2.806355441033278
-2.7080111696380316
-2.6078844619505315
