-2.1899258993080923E-5
5.016588212505749E-6
9.468877090354464E-6
2.924379927285505E-4
2.8974690827112754E-4
2.9760768054388624E-4
2.587575931102037E-4
1.7502163927543495E-4
8.963752965148558E-5
5.550680216401815E-5
4.940879772932022E-5
4.722181948008915E-5
4.8577568152987675E-5
4.773017928283637E-5
5.090715120567186E-5
4.7328539144952734E-5
-2.152432886187153E-5
5.3393652050823316E-6
2.7491607624344653E-6
1.3806415590667196E-6
4.249837543736908E-6
4.171872065927592E-6
4.192640415666043E-6
4.602009815383715E-6
7.368159549629083E-6
1.9773479542244064E-5
3.7886685191524534E-5
4.2965857941578735E-5
4.5564025795638696E-5
4.5548758821697784E-5
4.816900115536121E-5
4.4802146576360345E-5
-2.0827144161949355E-5
5.761708771638147E-6
1.309775358897763E-5
3.831455946572446E-6
2.3197030499519167E-6
7.785933751179722E-6
7.723866373877594E-6
8.370505200230848E-6
1.3191054403385095E-5
2.643181055429436E-5
3.7968249731984115E-5
3.941117675675114E-5
4.125789606520775E-5
4.120113382359571E-5
4.363498364669477E-5
4.059377678825774E-5
-2.081404923948427E-5
5.769953911282667E-6
1.344880893631438E-5
8.713359642031567E-6
7.052253803153999E-7
3.044998857932335E-7
8.260598237250182E-7
9.162557594438364E-7
1.6136621598014587E-6
5.236490770190392E-6
2.0183337912547407E-5
3.487402351776338E-5
4.049218929072701E-5
4.105266565024251E-5
4.353942596514028E-5
4.0519082947124636E-5
-2.0798537991578214E-5
5.780024529897021E-6
1.4007707693418102E-5
9.644355585311922E-6
2.381682604033982E-6
1.7363544720820574E-7
6.820937862972677E-8
1.958146021278748E-7
3.519601787921274E-7
1.2121527407886774E-6
7.048641442187324E-6
2.3324585654115392E-5
3.718483995174315E-5
4.046930371849239E-5
4.335222051780891E-5
4.041756433548264E-5
-2.0775506623808206E-5
5.795140950695419E-6
1.4886121142205255E-5
1.13010617961283E-5
9.127072274099937E-6
1.9164219539238545E-6
1.269088369818453E-7
5.443412921419385E-8
2.528816251447988E-7
8.849878527368082E-7
5.299402694489599E-6
2.012417986299946E-5
3.584524927258976E-5
4.00483043866141E-5
4.320042668708943E-5
4.0286086799312184E-5
-2.077045881976743E-5
5.7961549796892366E-6
1.4952256897697282E-5
1.1441672939836158E-5
1.1513813303608408E-5
2.5535860978432012E-6
4.418630163746961E-7
2.8955195856668886E-8
1.9994232940369514E-8
1.809386491437772E-7
1.1842741424940828E-6
6.736923680212872E-6
2.3625963767957027E-5
3.691193631561981E-5
4.261133425264948E-5
4.019263867514834E-5
-2.0766491970576437E-5
5.797955234532972E-6
1.5077504208147078E-5
1.1645271654234998E-5
2.3034716050904422E-5
7.706299808607813E-6
1.7554983138933922E-6
3.1445162558849645E-7
3.3852714817347374E-8
4.6044594618182085E-8
7.760585294484698E-7
4.633141132924658E-6
1.9357913947400438E-5
3.5057709685460904E-5
4.225384772276066E-5
4.0131407491427495E-5
-2.0760520368268394E-5
5.798941257627665E-6
1.5101547104726084E-5
1.1679689776603356E-5
2.7918645533885145E-5
1.2196626372011008E-5
3.954172146063158E-6
7.953524496557496E-7
2.1768842235104945E-7
4.670171704604329E-8
1.1900387718008601E-7
1.9003412262098082E-6
1.0351825121749863E-5
2.8443151637845444E-5
4.069613545224969E-5
3.9896069997152584E-5
-2.0727938629674507E-5
5.806384751504836E-6
2.4385308314605188E-5
1.173463941734658E-5
2.91529782600639E-5
1.4090868406542013E-5
5.55089790509406E-6
1.2128921444967716E-6
3.377645902950504E-7
1.8504726623979732E-7
6.941847911451405E-8
1.7469854923286577E-7
2.883393768698462E-6
1.3851484921083814E-5
3.3681961410172846E-5
3.868005176314499E-5
-2.0713093696632968E-5
5.807909527918312E-6
2.4435198172257998E-5
1.171876277267177E-5
3.15683957734301E-5
1.8279687263835115E-5
1.2847620975794054E-5
4.887042652144226E-6
1.6101667257693293E-6
8.892945924090818E-7
8.802253419518312E-7
3.390197120357302E-7
8.679057436105449E-7
1.1227571769182386E-5
3.127037036732497E-5
3.8152882480149635E-5
-2.0619795508768895E-5
5.81920468485713E-6
2.4556355343289376E-5
1.1780133384173373E-5
3.2292141041871096E-5
1.9274850115486306E-5
1.6424502145207082E-5
9.280039282381451E-6
3.951255665816958E-6
2.2885754756104453E-6
2.2987488898173943E-6
2.256700847643355E-6
8.782860021441597E-7
2.1137372928321505E-6
2.1295491745264332E-5
3.5023133065019384E-5
-2.038448285175132E-5
5.846530571025445E-6
2.4854078569023686E-5
1.1942634680693504E-5
3.273083101179317E-5
1.9840512036259082E-5
1.8658678329336142E-5
1.5204908396827918E-5
9.517298026246494E-6
6.561161064804769E-6
6.556793687035824E-6
6.53218739486893E-6
6.547198959143989E-6
2.397434789465035E-6
5.479423871276921E-6
2.9021779610117642E-5
-1.9780619793879133E-5
5.922715055994581E-6
2.5736751691265804E-5
1.2393920467871474E-5
3.4230752830134355E-5
2.0840792226525996E-5
2.010529694931419E-5
1.9906825074239188E-5
2.0890179470761543E-5
2.1024700532775517E-5
2.189582603483357E-5
2.20174802896988E-5
2.2481282474427465E-5
2.267931198643083E-5
7.152919000268222E-6
1.0968854626004418E-5
-1.5491122193109175E-5
6.129037435576046E-6
2.8272402691596333E-5
1.369131263367935E-5
3.79332755289591E-5
2.2892898503375865E-5
2.2856875011030357E-5
2.5861815445492064E-5
4.3556010280881806E-5
1.539481702610792E-4
6.465759943239391E-4
7.428248872737476E-4
7.777873960964182E-4
8.021414255873559E-4
8.921768274970195E-4
2.4082457904639195E-5
-0.04735833583523876
0.01990305269853556
0.005590574052804967
0.0019443141819118096
1.1155584864277057E-4
1.9849335924636726E-5
3.0272018524601887E-6
5.042699714105998E-7
3.891037205624239E-8
2.3240360132050247E-8
1.380641829252669E-7
3.0494059004856533E-6
2.1221828468407072E-5
1.383121548795351E-4
9.986945735007207E-4
0.006082946401786156
