-3.12104
0.0320391
3.10052
3.09441
3.08689
3.08817
3.09259
3.10253
3.11487
3.12722
3.13158
3.13752
3.14064
3.14045
3.1366
0.00924153
0.0279242
-3.1184
0.00491378
-3.14111
-3.13632
-3.13871
-3.14022
3.13634
3.12523
3.11426
3.09949
3.08834
3.08037
3.08254
3.08751
3.09658
3.09301
0.00738427
-3.13411
0.00392599
3.12456
3.12092
3.11998
3.11923
3.11811
3.11927
3.11726
3.11758
3.11878
3.12181
3.12228
3.11916
3.09287
3.13279
0.00908346
-3.13821
0.00504134
3.12262
3.12124
3.12093
3.11848
3.11929
3.1168
3.11871
3.11699
3.11942
3.12046
3.11817
3.09133
3.13346
3.12431
0.000790276
-3.13415
0.0110377
3.12397
3.1245
3.12229
3.12259
3.11855
3.11829
3.11481
3.11753
3.11839
3.11484
3.06357
3.14069
3.1237
3.12754
0.0104415
-3.13001
0.00777343
3.12891
3.12852
3.12921
3.12485
3.12199
3.11976
3.11902
3.11423
3.10986
3.04052
-3.12746
3.12863
3.13025
3.12613
0.00743255
-3.1332
0.00677216
3.12662
3.12583
3.12146
3.12042
3.11769
3.11937
3.11493
3.11007
3.11048
3.12384
3.12264
3.12817
3.12571
3.12554
0.0100539
-3.13336
0.00763748
3.12403
3.1194
3.11858
3.11378
3.11766
3.11691
3.11625
3.12627
3.10045
3.11621
3.12585
3.12472
3.12642
3.1264
0.00741899
-3.12667
0.0217629
3.11779
3.11696
3.11248
3.11617
3.11533
3.11423
3.12631
3.10589
3.11665
3.11962
3.11663
3.1188
3.11971
3.12367
0.0189308
-3.11979
0.014533
3.12861
3.12736
3.12956
3.12642
3.12374
3.12233
3.10619
3.1154
3.11873
3.11614
3.11854
3.11885
3.12137
3.12057
0.0187851
-3.12499
0.0130162
3.12329
3.1252
3.123
3.11894
-3.1365
3.06431
3.10727
3.11475
3.11585
3.11861
3.11992
3.12386
3.12419
3.12765
0.0112478
-3.1291
0.0121064
3.12539
3.12325
3.12023
-3.12325
3.07337
3.11468
3.12014
3.11303
3.11237
3.11047
3.1121
3.11268
3.119
3.11996
0.0117539
-3.13192
0.00411101
3.13085
3.13221
3.13415
3.09766
3.11647
3.11928
3.11493
3.11693
3.11639
3.12152
3.12305
3.12715
3.12671
3.12809
0.00762192
-3.12938
0.0139269
3.12502
3.13894
3.06828
3.10739
3.11264
3.11124
3.11149
3.11219
3.11721
3.12007
3.12547
3.12607
3.12662
3.1252
0.0168682
-3.12862
0.0125003
0.00654847
3.0842
3.11049
3.11388
3.11311
3.11
3.11188
3.11445
3.11763
3.12171
3.12296
3.12435
3.12542
3.12734
0.00651383
-3.13062
