-2.94951
0.174142
-0.60005
-1.5708
-1.5708
-1.5708
0
-1.5708
-1.5708
0
-1.1659
2.24554
3.14159
0
-1.81577
0.178655
0.174009
-2.95528
0.164048
-0.632749
-1.5708
-1.5708
-1.5708
0
-1.5708
-1.5708
-1.24905
2.55359
3.14159
0
-2.35619
-1.5708
-1.76819
0.159824
-2.95926
0.167184
-0.531724
-1.5708
0
3.14159
-1.5708
-1.5708
-1.10715
2.35619
3.14159
0
-2.35619
-1.5708
3.14159
-1.81577
0.164866
-2.94848
0.184733
-0.54042
-1.5708
-2.35619
0
0
-0.694738
2.55359
3.14159
-1.5708
3.14159
0
3.14159
-2.35619
-1.81577
0.181588
-2.94865
0.165463
0
-2.35619
-1.5708
-1.5708
-0.269849
2.86617
-2.03444
3.14159
3.14159
-1.5708
-1.5708
-1.5708
-1.5708
-1.5708
0.160596
-2.95921
-2.35619
-1.81577
0
3.14159
-0.149416
3.0251
3.14159
0
-1.5708
-1.5708
3.14159
0
-1.5708
3.14159
-1.5708
0.164331
0
0.181695
-0.442374
-1.5708
-3.07029
0.037718
0
-1.5708
3.14159
-1.5708
-1.5708
-2.35619
0
-2.35619
-1.5708
-1.81577
-2.35619
-2.93406
0.197863
-0.432408
2.98789
-0.172191
-2.35619
0
-1.5708
3.14159
-1.5708
3.14159
-1.5708
3.14159
3.14159
0
-1.5708
0.198235
-2.9533
0.125356
-0.369334
2.92292
0
-2.35619
-2.35619
-2.35619
-1.5708
3.14159
-1.5708
-1.5708
3.14159
0
0
0
0.120622
-3.0045
0.121108
3.00324
-1.5708
0
-2.35619
-2.35619
3.14159
-1.5708
-2.35619
0
2.35619
1.5708
3.14159
-1.5708
-1.89255
0.117851
-2.69542
0.447574
-1.31347
-2.03444
0
-1.5708
-1.5708
0
-1.5708
3.14159
-2.03444
-1.81577
-2.35619
2.03444
-1.5708
-1.60109
0.493475
-2.65223
0.178183
-0.390607
-1.5708
-2.35619
-2.35619
3.14159
0
-2.35619
-1.5708
3.14159
3.14159
-1.5708
2.35619
0
-1.50666
2.99026
-2.95394
0.171544
-0.463648
-1.5708
-1.5708
0
3.14159
-1.5708
3.14159
3.14159
-1.5708
3.14159
-0.785398
3.14159
1.28824
-1.7976
0.165579
-2.95436
0.1738
-0.493941
-0.588003
0
-2.03444
0
-1.5708
0
3.14159
-2.35619
-1.5708
-1.5708
1.5708
-1.5708
-1.5708
0.165118
-2.95215
0.17572
0.178588
-0.486899
-1.5708
0
0
-1.5708
0
2.35619
-1.5708
-1.5708
1.80552
-1.33705
-2.35619
-1.32582
0.170712
-2.95107
