0.674483
-2.25254
-1.78238
-1.74514
-1.74905
-1.7671
-1.77079
-1.74277
-1.72915
-1.71695
-1.71179
-1.7159
-1.70744
-1.70868
-1.71563
-2.21082
-2.24718
0.67529
-2.25321
-1.71195
-1.70259
-1.71851
-1.72952
-1.71459
-1.72005
-1.72506
-1.7384
-1.75432
-1.7523
-1.75183
-1.74751
-1.74919
-1.7638
-2.25517
0.680645
-2.20675
-1.72485
-1.74046
-1.74914
-1.72809
-1.72572
-1.72164
-1.72385
-1.73211
-1.72171
-1.72205
-1.71873
-1.72535
-1.76409
-1.76395
-2.23174
0.718514
-2.18662
-1.73907
-1.74347
-1.72232
-1.71825
-1.71771
-1.72176
-1.73192
-1.7267
-1.72752
-1.72669
-1.73378
-1.76128
-1.75046
-1.76154
-2.1935
0.708177
-2.25982
-1.75307
-1.72884
-1.72464
-1.72211
-1.72507
-1.73263
-1.72324
-1.72385
-1.72082
-1.72628
-1.77583
-1.73088
-1.75108
-1.71686
-2.23934
0.684484
-2.2202
-1.73647
-1.73171
-1.72945
-1.7323
-1.74018
-1.72904
-1.72655
-1.72268
-1.7268
-1.77692
-1.76067
-1.77207
-1.73116
-1.73339
-2.22738
0.697151
-2.21464
-1.71689
-1.70734
-1.70858
-1.71969
-1.71537
-1.72061
-1.72365
-1.73638
-1.74742
-1.75104
-1.74906
-1.70707
-1.71032
-1.73498
-2.22401
0.69978
-2.22735
-1.72776
-1.72985
-1.73939
-1.72904
-1.72717
-1.72364
-1.72639
-1.73515
-1.77805
-1.7661
-1.72388
-1.72657
-1.74445
-1.75613
-2.22943
0.696056
-2.24194
-1.72677
-1.72874
-1.7189
-1.71934
-1.71662
-1.72286
-1.7548
-1.75196
-1.75425
-1.71173
-1.71092
-1.72984
-1.74045
-1.72388
-2.24378
0.696635
-2.23411
-1.73907
-1.7274
-1.72788
-1.72512
-1.73086
-1.74021
-1.76496
-1.75902
-1.72056
-1.72444
-1.74438
-1.7533
-1.73244
-1.73333
-2.22611
0.697845
-2.22652
-1.72368
-1.71891
-1.71547
-1.72082
-1.74103
-1.78249
-1.76446
-1.72101
-1.72032
-1.73631
-1.74456
-1.72195
-1.72117
-1.72323
-2.23044
0.692573
-2.23277
-1.73069
-1.7251
-1.72992
-1.73079
-1.77429
-1.75823
-1.72032
-1.72164
-1.74278
-1.7546
-1.73331
-1.72969
-1.72642
-1.73106
-2.24524
0.704933
-2.21368
-1.72192
-1.72102
-1.75015
-1.76949
-1.76453
-1.72382
-1.72406
-1.73895
-1.74658
-1.72261
-1.71843
-1.71584
-1.71887
-1.73223
-2.20601
0.702563
-2.23479
-1.73201
-1.74302
-1.78143
-1.76137
-1.71987
-1.72311
-1.74246
-1.75316
-1.73247
-1.72909
-1.72669
-1.72866
-1.73675
-1.73225
-2.23003
0.695116
-2.21125
-2.25109
-1.77582
-1.7616
-1.72051
-1.72277
-1.74057
-1.74894
-1.72892
-1.72422
-1.71934
-1.72316
-1.73127
-1.72302
-1.72543
-2.23615
0.705653
