-0.000152667
0.000102981
0.000223331
0.000133341
5.2615e-005
3.63455e-005
1.52053e-005
1.81979e-005
1.72696e-005
1.84104e-005
9.03177e-005
4.58394e-005
1.73714e-005
4.77974e-005
0.000461673
0.000173131
6.75211e-005
-0.000178269
0.000247082
0.000662301
0.000307291
0.000183252
9.40211e-005
4.49032e-005
2.2631e-005
2.63732e-005
2.23144e-005
1.73952e-005
6.06932e-006
1.3578e-005
0.000236112
0.000210378
0.000255115
5.37165e-005
-0.000153054
0.000242939
0.000501336
0.000333819
0.000130659
0.000114339
5.4864e-005
2.4149e-005
6.15455e-005
5.4675e-006
2.72595e-006
6.08712e-006
8.62685e-005
8.59832e-005
0.00132276
0.00126615
0.000212503
-0.000366209
0.000350419
0.00139868
0.000824074
0.00067766
0.000461747
0.000131601
8.26685e-005
4.32567e-005
0.000108858
0.000152399
0.000617874
0.0030689
0.000230335
0.000247216
0.000215798
4.10725e-005
-0.000120832
0.000213607
0.000517131
0.000449836
0.000245323
5.27551e-005
3.84879e-005
3.26154e-006
8.42831e-007
1.13519e-006
9.65863e-006
1.36788e-005
0.000164326
0.000236069
0.000204046
0.000169042
3.89589e-005
-0.000111374
0.000244822
0.000789444
0.000433355
9.39128e-005
6.00034e-005
5.87755e-006
1.18119e-006
7.28298e-007
3.57698e-006
5.07118e-006
0.000915177
0.00332518
0.00306672
0.00174313
0.00186798
0.000262424
-0.000493932
0.000514428
0.0030016
0.00160529
0.00111221
0.00038707
0.000222282
0.000392131
0.000165272
1
1
0.00129315
0.00117451
0.00100957
0.00132264
0.00105621
0.000205252
-0.00042603
0.000493848
0.00220967
0.00246575
0.00274937
0.000302487
7.55839e-005
0.000138367
4.47809e-005
0.00018478
0.000554277
0.000913621
0.000743794
0.00120591
0.00112381
0.00114024
0.000195393
-0.000408
0.000479454
0.00336157
0.00246625
0.000316207
9.79745e-005
0.000126776
2.96848e-005
0.000553467
0.000369273
0.000553542
0.000578236
0.000923196
0.00101088
0.00116922
0.000899505
0.000200696
-0.000428378
0.000529381
0.00249138
0.00225895
0.000457826
0.000651835
0.000110536
0.000646434
0.000392131
0.000261336
0.000554604
0.000915732
0.0010526
0.00100905
0.000964271
0.00105605
0.000219176
-0.000441633
0.000523113
0.00625856
0.00106341
0.0014267
0.00029178
0.00166186
0.000646894
1
0.000261792
0.000555068
0.00129504
0.000922238
0.000711318
0.00104904
0.000860814
0.000191306
-0.000424786
0.000651586
0.00480805
0.00445402
0.000959278
0.000472736
0.000386733
0.000359123
0.000248689
0.000261746
0.000392492
0.000578315
0.000519646
0.000919441
0.000975634
0.000982133
0.000255106
-0.000352314
0.000172052
0.000658624
0.000236893
0.00109143
0.0010098
0.00105295
0.00129803
0.000555426
0.000370165
0.000391933
0.000578809
0.00148565
0.00194447
0.00281586
0.00285333
6.16407e-005
-0.000171941
0.000520437
0.000495723
0.0033606
0.00630503
1
0.00236032
1
0.000555426
0.000369273
1
0.00129206
0.00148861
0.00148864
0.00168684
0.00208284
0.000311342
-0.000605732
0.000530387
0.000144799
0.000830502
0.000931373
0.000923264
0.000571208
0.000409868
0.000392131
0.00036956
1
0.000915732
0.00332518
0.00289133
0.00246818
0.00929584
0.000453553
-0.000331585
