0.0247311
0.0115271
0.0179967
0.0173762
0.00486896
0.00465727
0.00109085
0.00105668
0.0010847
0.00113457
0.0011787
0.00530056
0.00536691
0.018174
0.0177032
0.0158358
0.017779
0.0167739
0.0183532
0.0180633
0.0176904
0.00491604
0.00502735
0.00109284
0.00113817
0.0010534
0.00115891
0.00113592
0.00514074
0.00492361
0.0168328
0.0174618
0.0180194
0.0117671
0.0247551
0.0175836
0.0175237
0.0171716
0.00504594
0.00481485
0.00112464
0.00111776
0.00105496
0.00117169
0.00111723
0.00497986
0.0048368
0.0177061
0.0177307
0.0160715
0.0180095
0.0243756
0.0166839
0.0175831
0.0182148
0.0049701
0.0049444
0.0011177
0.00116215
0.00112351
0.00114002
0.00111635
0.00480636
0.00507118
0.00501498
0.0161027
0.0185327
0.0180584
0.0227245
0.0170595
0.0181023
0.0176569
0.00503408
0.00472215
0.0011276
0.00113897
0.00122609
0.00114963
0.00108168
0.00509126
0.00498535
0.00495994
0.0183955
0.0179852
0.0163886
0.0237311
0.0174385
0.0177361
0.0178156
0.00483455
0.00471006
0.00112708
0.0011423
0.00110542
0.000975931
0.00116238
0.00111593
0.00489312
0.00511512
0.0177307
0.0175847
0.0169619
0.0244086
0.0185449
0.0183844
0.0176192
0.00497793
0.00513766
0.00115112
0.00117055
0.000996299
0.00118469
0.0010545
0.00201711
0.00480979
0.00471431
0.01661
0.0164481
0.0177346
0.0242874
0.0212303
0.0219937
0.021872
0.00654509
0.00651359
0.00139241
0.0012284
0.00120891
0.00119044
0.00252429
0.0014462
0.00627147
0.0064286
0.0221737
0.0231965
0.0211485
0.0242374
0.0168303
0.016098
0.0168794
0.0048389
0.00459432
0.000984731
0.0011369
0.00122673
0.00213396
0.00111118
0.00109407
0.00493703
0.00481759
0.0177931
0.0175527
0.0179693
0.0240938
0.016993
0.019461
0.0191825
0.00537344
0.00509456
0.00123791
0.00107714
0.00206495
0.00114897
0.00121733
0.00117148
0.00525508
0.00545084
0.0190018
0.0192554
0.0179233
0.0228614
0.0171083
0.0176751
0.0172779
0.00472574
0.00493564
0.00495371
0.00214127
0.0011273
0.00110134
0.00104852
0.00107459
0.00502363
0.00492854
0.0178438
0.0173848
0.0162142
0.0239963
0.0165745
0.0180726
0.017395
0.00523134
0.00523986
0.00517643
0.00118592
0.00120647
0.00110564
0.0010123
0.00113499
0.00493085
0.00504295
0.0172951
0.0172867
0.0178445
0.0224963
0.0177003
0.0180982
0.0185907
0.0190551
0.00530604
0.0054312
0.00116687
0.00113561
0.00110481
0.001142
0.00115218
0.00512647
0.00501633
0.017658
0.0186999
0.0166486
0.0240887
0.0172749
0.0190036
0.0179979
0.0161094
0.0051807
0.00491073
0.00106776
0.00107331
0.00112931
0.00118674
0.00123144
0.00519945
0.00528725
0.0195854
0.019584
0.0181272
0.0228612
0.0162369
0.0180952
0.0163208
0.0184905
0.00504484
0.00490079
0.00108951
0.00106241
0.00108739
0.00114767
0.00115231
0.0049679
0.00529355
0.0185418
0.0182752
0.0168924
0.0218904
