-0.111944
3.03438
3.0392
3.03458
3.02741
3.02828
3.03262
2.98674
3.01506
3.02017
3.04056
3.0288
3.02839
3.02627
3.0274
3.03146
3.03219
-0.108812
3.0365
3.03289
3.02862
3.02835
3.03326
3.01661
3.07377
3.02465
3.03039
3.03501
3.02806
3.02841
3.03207
3.03644
3.03169
3.0332
-0.107236
3.0335
3.02926
3.0308
3.02915
3.02982
3.04397
3.02009
3.0098
3.0443
3.02371
3.02374
3.03039
3.03422
3.0301
3.0337
3.03676
-0.114319
3.02893
3.03194
3.03121
3.02501
3.03544
3.04327
3.03397
3.00743
3.03252
3.02131
3.0324
3.03072
3.02701
3.03023
3.03486
3.03305
-0.106298
3.03676
3.03973
3.03593
3.03998
3.02766
3.04551
3.02844
3.02513
3.02244
3.02337
3.03387
3.03724
3.03683
3.04359
3.04178
3.0345
-0.114164
3.02933
3.02448
3.02806
3.0214
3.03094
3.02469
3.02616
3.0306
3.02585
3.04086
3.04067
3.02781
3.03216
3.02819
3.02533
3.02892
-0.109808
3.03301
3.03893
3.03181
3.03448
3.04155
3.03034
3.01834
3.03057
3.02496
2.98218
3.00683
3.0211
3.02325
3.02024
3.02585
3.03176
-0.123981
3.05232
3.05451
3.05953
3.06402
3.05287
3.05726
3.01923
3.00498
3.07522
3.11188
3.08416
3.058
3.05448
3.05886
3.06149
3.04868
-0.120995
3.02386
3.02207
3.03077
3.02222
3.01741
3.02899
3.03478
3.02924
3.03157
3.02894
3.01944
3.02147
3.02375
3.02681
3.02561
3.0328
-0.113053
3.0391
3.0512
3.04603
3.04456
3.03764
3.03604
3.01713
2.98228
3.09093
3.04079
3.03374
3.02714
3.03864
3.03883
3.04449
3.03443
-0.108655
3.03913
3.03195
3.03017
3.02839
3.02433
3.02722
3.02621
3.04799
3.00433
3.03068
3.02191
3.02926
3.03042
3.03687
3.03086
3.03314
-0.11436
3.03074
3.02711
3.02452
3.02469
3.03571
3.03269
3.02962
3.02947
2.96228
3.02888
3.02481
3.0167
3.02301
3.01967
3.02498
3.03576
-0.107562
3.03541
3.03794
3.03934
3.03491
3.03537
3.0368
3.05178
3.0289
3.03094
3.02388
3.02405
3.03026
3.02411
3.0303
3.03943
3.03554
-0.112858
3.03659
3.03975
3.03343
3.03243
3.03363
3.03015
3.02996
3.02539
3.03127
3.03101
3.02809
3.01807
3.03378
3.04322
3.03995
3.03707
-0.112533
3.03706
3.02737
3.02692
3.02884
3.02076
3.02244
3.02109
3.03511
3.01177
3.0423
3.04213
3.03022
3.04464
3.03963
3.03881
3.03626
-0.114548
