14816.6150317810
8364.32734892651
203.002463039245
75.0066663703967
44.0113621693308
30.0166620396073
23
21.0237960416286
21
24.0208242989286
30.0166620396073
44.0113621693308
68.0073525436772
89.0056178002265
196.010203816026
1
7007.41214714819
18384.2612035404
7605.00236686354
230
94
54
35
28
24.0208242989286
22
22.0227155455452
28.0178514522438
39.0512483795333
46.0434577328854
63.0317380372777
1.41421356237310
241
9160.02183403511
15349.0495471218
7005.11998469691
187.042775856220
63.0317380372777
34.0147027033899
24.0208242989286
21.0237960416286
21.0237960416286
23
31
46
51
54
1.41421356237310
73.0273921210391
239.018827710287
6959.08801496288
14918.3024838619
7008.25684460837
199.010049997481
74.0067564483136
43
29.0172362570938
24
21.0237960416286
24.0208242989286
32.0156211871642
34.0147027033899
31.0161248385416
0
47.0106370941726
98.0051019080129
212.009433752369
7141.19667842862
14610.4846257747
6892.28793652732
190.042100598788
72.0069441095788
40.0124980474851
30.0166620396073
24
25.0199920063936
31
32.0156211871642
28.0178514522438
0
30.0166620396073
52.0096144957834
73.0068489937759
192.010416384112
6810.23024574060
14481.5835114811
6792.42519281589
183.002732220041
69.0072459963445
41.0121933088198
29.0172362570938
26.0192236625154
30
31.0161248385416
25.0199920063936
1
24
35.0142828000232
40.0124980474851
70.0071424927486
183.024588512036
6876.33623378031
14437.6983276421
6893.10474314731
184.002717371239
73.0068489937759
42.0119030752000
32.0156211871642
34
34.0147027033899
25.0199920063936
0
23
32
31.0161248385416
46.0108682813094
79.0063288604147
197.002538054716
6962.27606462140
14344.2886543739
6705.17180987930
173.011560307397
64.0312423743285
39.0128184062623
37.0135110466435
35.0142828000232
26.0192236625154
1
21.0237960416286
25.0199920063936
22
29.0172362570938
41
70.0071424927486
176.011363269534
6745.19280673281
14145.4122951577
6895.30637462905
171.011695506477
69.0289794216893
51.0098029794274
46.0108682813094
32.0156211871642
0
22.0227155455452
25
21.0237960416286
25
31.0161248385416
43.0116263352131
71.0070419043069
177.011299074381
6755.25765607797
14498.4403643978
6757.19246433014
165.027270473701
77.0064932327138
62.0080639917100
41.0121933088198
1.41421356237310
28.0178514522438
27.0185121722126
21.0237960416286
22.0227155455452
24
30.0166620396073
40.0124980474851
68.0073525436772
168.011904340139
6913.15976959885
14138.5525779692
6862.37772204358
177.002824836216
100.019998000400
62.0080639917100
1
41.0121933088198
36.0138862107382
26.0192236625154
24.0208242989286
24.0208242989286
26.0192236625154
29.0172362570938
40.0124980474851
64.0078120232210
165.012120766930
6680.38801268310
14516.6184767666
6815.19082638190
205.039020676553
105.019045891686
0
65.0076918525800
54.0092584655631
39
33.0151480384384
31
30.0166620396073
31.0161248385416
37.0135110466435
48.0104155366312
75.0266619276108
171.002923951610
6890.24411759119
14460.3253421215
6846.17535562740
224.002232131736
0
81.0246875958186
60.0083327547100
40.0124980474851
34.0147027033899
31.0161248385416
31.0161248385416
31.0161248385416
36.0138862107382
45.0111097397076
63.0079360080935
100.004999875006
214.021027004358
6809.15538080899
14603.3703301669
6879.18171005825
1
180.011110768197
80.0062497558784
43
32
27.0185121722126
24.0208242989286
23.0217288664427
26.0192236625154
31.0161248385416
43.0116263352131
63.0079360080935
111.018016555873
229.008733457919
6904.18836649175
14565.3930259365
1
7039.25571349699
240.033331018840
86
48.0104155366312
34.0147027033899
27.0185121722126
22.0227155455452
22
22
27.0185121722126
36.0138862107382
58.0086200490927
96.0052081920559
181.024860171193
6836.22937005481
1
