14856.4373925918
8391.28369202234
210.002380938884
78.0064099930256
46.0108682813094
33.0151480384384
25
22
22.0227155455452
24.0208242989286
27.0185121722126
34.0147027033899
46.0108682813094
79.0063288604147
208.009615162377
1
7047.36780649343
18488.1687843875
7656.00235109682
238
97
56
37.0135110466435
30
25.0199920063936
23
22.0227155455452
24.0208242989286
28.0178514522438
38.0131556174964
67.0298440994756
1.41421356237310
254.001968496309
9218.00195270103
15478.0142460201
7063.09174512125
195.041021326284
66.0302960768767
37.0135110466435
26.0192236625154
23.0217288664427
23.0217288664427
23
26
32
40
58
0
79.0253124005214
250.017999352047
7021.06409314144
15049.2514764024
7064.22996511297
204.009803685999
77.0064932327138
45.0111097397076
32.0156211871642
26.0192236625154
23.0217288664427
22.0227155455452
23.0217288664427
26.0192236625154
32.0156211871642
1
50.0099990002000
103.004854254545
220.009090721270
7188.18092426728
14698.3334089277
6919.13990319606
195.041021326284
75.0266619276108
43.0116263352131
32.0156211871642
25
23.0217288664427
22
24.0208242989286
27.0185121722126
1
33.0151480384384
55.0090901579003
76.0065786626395
199.010049997481
6856.10530840943
14582.3567368241
6836.31859994837
193.002590656188
72.0069441095788
44
31.0161248385416
26.0192236625154
23
21.0237960416286
23.0217288664427
1
25.0199920063936
37.0135110466435
43.0116263352131
73.0068489937759
192.023436069663
6910.24341105290
14510.5128785994
6920.05664716699
193.002590656188
78.0064099930256
46.0108682813094
33.0151480384384
27
23
22.0227155455452
1
24
34
32.0156211871642
48
83.0060238777885
203.002463039245
6973.18650259693
14383.1703389760
6723.11311819160
182.010988679255
69.0289794216893
41.0121933088198
30.0166620396073
24.0208242989286
22
1
22.0227155455452
27.0185121722126
25
31.0161248385416
43
73.0068489937759
182.024723595450
6759.12435157099
14184.2546860947
6912.19559908427
181.011049386495
74.0270220932870
44.0113621693308
32.0156211871642
26.0192236625154
1.41421356237310
23.0217288664427
26.0192236625154
22.0227155455452
26
32.0156211871642
45.0111097397076
75.0066663703967
183.010928635423
6767.14962151717
14515.1937637773
6770.05384025858
176.025566324895
70.0071424927486
42.0119030752000
31.0161248385416
1
26.0192236625154
27.0185121722126
21
23.0217288664427
26
32.0156211871642
43.0116263352131
72.0277724214764
174.011493873250
6923.03185028063
14130.2208404540
6885.18888629789
179.002793274295
72.0277724214764
42.0119030752000
1.41421356237310
31.0161248385416
29.0172362570938
22.0227155455452
22
23.0217288664427
25.0199920063936
29.0172362570938
41.0121933088198
68.0073525436772
175.011428198275
6697.20187839668
14482.3383816288
6850.09459788695
177.025421903183
71.0070419043069
1
45.0111097397076
37.0135110466435
27
23.0217288664427
22
23
24.0208242989286
29.0172362570938
41.0121933088198
70.0071424927486
175.002857119534
6927.13346197401
14371.1656451382
6880.09949055971
191.002617783108
0
72.0277724214764
50.0099990002000
31.0161248385416
25.0199920063936
23.0217288664427
22.0227155455452
21.0237960416286
25
31.0161248385416
44.0113621693308
73.0068489937759
184.024454896625
6842.08447770122
14501.1787451917
6914.06508502777
1
191.010470917172
84.0059521700695
44
31
26.0192236625154
23.0217288664427
21.0237960416286
22.0227155455452
25.0199920063936
33.0151480384384
44.0113621693308
76.0065786626395
193.010362416115
6936.06927589395
14519.1545897136
1
7060.14341214114
248.032255966840
90
50.0099990002000
36.0138862107382
28.0178514522438
23.0217288664427
22.0227155455452
22.0227155455452
25.0199920063936
29.0172362570938
40.0124980474851
69.0072459963445
183.024588512036
6867.09436370289
1
