0.0125723
0.00449765
0.00801059
0.00802835
0.00758434
0.00747713
0.00644114
0.000478262
0.00028477
0.0170407
0.00944889
0.0183998
0.014923
0.0154694
0.0166648
0.00459657
0.00406244
0.0125738
0.00470826
0.0163007
0.0170317
0.0133312
0.0212377
0.0113628
0.00474471
0.00640409
0.0178706
0.00507465
0.00664173
0.00720052
0.00753061
0.00759967
0.0118349
0.00444905
0.0126378
0.00479537
0.0141327
0.0126935
0.0134592
0.00630011
0.00199154
0.0113708
0.0123781
0.00831478
0.0101246
0.0113598
0.0112514
0.0113376
0.0128943
0.0135735
0.00468663
0.0126696
0.00483664
0.0121008
0.0123139
0.0128655
0.0129348
0.0109366
0.00855598
0.0122854
0.0107826
0.00836681
0.0117872
0.0122373
0.011277
0.0116492
0.0118922
0.00467998
0.0127054
0.00460129
0.0131198
0.01282
0.0129857
0.0116963
0.0102733
0.00872334
0.0102429
0.0486133
0.0122274
0.0110596
0.00969761
0.0102997
0.0103763
0.011146
0.00467083
0.0126823
0.00577112
0.0208294
0.0132656
0.0162756
0.0167073
0.0126339
0.0127929
0.00534954
0.0111525
0.00882312
0.0245912
0.0175017
0.0204992
0.0217883
0.0242179
0.00570226
0.0129123
0.0049271
0.0084661
0.0076451
0.0067272
0.00756595
0.00659193
0.00394815
0.0050975
0.0354839
0.00563552
0.00580707
0.0063824
0.00664438
0.00753089
0.00728636
0.00427949
0.0130603
0.00781376
0.0215409
0.0194211
0.021365
0.0183162
0.00527204
0.00779531
0.00469091
0.0135396
0.00678069
0.0113803
0.0138593
0.0210459
0.0152837
0.0192328
0.00709035
0.0132583
0.00457073
0.0102736
0.0100955
0.00936375
0.0111821
0.00799637
0.0256894
0.0109175
0.0113421
0.0105441
0.0110249
0.0115209
0.0114634
0.0128848
0.0154821
0.00466346
0.0126526
0.00463927
0.0126092
0.0117229
0.0111606
0.0109387
0.0106403
0.0131816
0.0128104
0.0095173
0.0087494
0.0102833
0.0103376
0.0113453
0.0277836
0.00828863
0.00464263
0.0127086
0.00531358
0.01586
0.0150136
0.0148937
0.0139766
0.0120985
0.0136529
0.013456
0.0136284
0.00740091
0.0182982
0.0134925
0.016663
0.0166571
0.0164482
0.00519234
0.013026
0.00458172
0.0128341
0.0123951
0.01213
0.019974
0.0201699
0.01742
0.0120717
0.0081164
0.00924856
0.0101785
0.00597268
0.00523395
0.0120949
0.0125722
0.00463022
0.0132494
0.00597196
0.0215052
0.0205217
0.0111737
0.0110009
0.0104486
0.0118711
0.00716932
0.0100933
0.011727
0.00189582
0.00543508
0.0224754
0.0214691
0.0226852
0.00595999
0.013749
0.00439343
0.0115141
0.0157
0.015178
0.0141924
0.0139597
0.0242998
0.007564
0.0323874
0.0100423
0.00925426
0.0112744
0.0117969
0.0115139
0.0119599
0.00446116
0.0129422
0.00511752
0.00440975
0.0123941
0.0115898
0.0116633
0.0105524
0.0120664
0.00829547
0.000383214
0.000505838
0.0141842
0.0135389
0.0148527
0.014759
0.0157167
0.00488688
0.0127238
