-2.88094
0.254526
2.93988
2.9384
2.94019
2.93978
2.93093
2.93491
2.91479
3.02448
-3.05845
-3.0871
-3.06428
-3.07575
-3.06548
3.02371
0.282194
-2.87054
3.07877
-0.346732
-0.351673
-0.348293
-0.409437
1.17962
2.94687
3.05845
2.9243
2.94515
2.9385
2.93867
2.93752
2.93895
-3.1255
3.10435
-3.03466
3.04095
3.0341
3.03004
3.03289
3.0194
3.02275
3.03486
3.14159
3.14159
3.14159
3.14159
-3.12474
-3.12667
3.05144
3.05384
3.04985
-3.00827
3.04886
3.04532
3.05057
3.03878
3.04942
3.04512
3.07029
3.08901
3.07029
3.04512
3.05209
3.05159
3.04335
3.04582
3.04583
3.04626
-3.0162
3.0494
3.05677
3.04669
3.02922
3.04753
3.04812
3.07029
3.08901
3.07029
3.04355
3.04375
3.05627
3.05739
3.0556
3.05686
3.05466
-3.00249
3.04667
3.0298
3.03308
3.03185
3.03672
3.03533
3.04812
3.04192
3.05845
3.05981
3.02715
3.02501
3.01954
3.02201
3.02643
3.03325
-3.03799
3.09703
3.07355
-3.10606
-3.10568
-3.09617
-3.10457
-3.07502
3.07502
3.05609
3.14159
-3.10935
-3.12861
-3.12629
-3.11715
-3.11931
3.11609
-3.03481
3.03874
3.02773
3.02988
3.02879
3.02766
3.02524
3.07029
3.07917
3.07917
3.04812
3.04067
3.03311
3.03516
3.03148
3.03936
3.02935
-3.03755
3.09766
-3.12844
-3.12777
-3.1299
-3.1113
3.14159
-3.07029
3.14159
3.14159
3.08609
3.09285
3.09766
3.08609
3.09409
3.0596
3.08768
-3.07948
3.09436
3.09569
3.09558
3.09239
3.09113
3.09163
3.01997
3.0278
3.08284
3.07029
3.14159
-3.08284
-3.10799
-3.11604
-3.11046
3.09234
-3.0189
3.03195
3.02431
3.02001
3.02112
3.01829
3.05959
3.0541
3.06482
3.04192
3.07029
3.03533
3.03672
2.97791
3.02524
3.03064
3.03763
-3.00253
3.05323
3.05939
3.05878
3.05675
3.03385
3.03616
3.03533
3.04812
3.07917
3.05845
3.06176
3.07247
3.0679
3.05379
3.05785
3.05187
-3.00408
3.03891
3.03699
3.03488
3.05367
3.05388
3.05093
3.05981
3.05485
3.08609
3.06765
3.01724
3.03643
3.03305
3.03684
3.03929
3.04121
-3.00107
3.04983
3.05422
3.036
3.03559
3.03247
3.03321
3.03593
3.04192
3.08609
-2.81984
-0.189199
3.04853
3.0541
3.05609
3.05719
3.04981
-3.00137
3.03843
3.04913
3.05366
3.0506
3.04984
3.0503
3.05981
3.06176
3.08609
3.07029
3.03094
3.03672
3.03535
3.03675
3.03635
3.03904
-2.99997
