1.93063
1.25891
1.17867
1.18958
1.19819
1.16876
1.10715
1.18019
1.1659
1.45137
1.46513
1.46361
1.48708
1.4991
1.53491
1.44308
-1.18446
1.91999
1.50481
2.14146
2.17654
2.04863
2.24554
-0.869201
1.30924
1.48406
0.988891
1.16394
1.13188
1.17161
1.1747
1.19546
1.54477
1.55451
1.6624
1.5364
1.5587
1.50287
1.50838
2.06314
-1.34732
1.3734
1.62629
1.20362
1.44644
1.38316
1.54139
1.54841
1.53639
1.5801
1.53058
1.64415
1.53407
1.4768
1.50575
1.41323
1.45751
1.42687
1.44247
1.41419
1.46771
1.48014
1.52964
1.54853
1.44955
1.49065
1.47718
1.51097
1.61245
1.52019
1.56473
1.55754
1.25748
1.49005
1.46969
1.43824
1.42191
1.41088
1.45537
1.45837
1.4764
1.52026
1.49857
1.54414
1.56704
1.67452
1.54272
1.47558
1.4939
1.47702
1.4644
1.4077
1.42478
1.27934
1.49686
1.46513
1.40565
1.42191
1.40027
1.45204
1.49408
1.47825
1.5712
1.63259
1.75988
1.81922
1.78373
1.78275
1.76198
2.17085
1.49949
1.54516
1.50423
1.69142
1.68791
1.69796
1.7878
1.75146
1.69229
1.68946
1.4323
1.493
1.48026
1.43872
1.42124
1.29085
1.47732
1.22777
1.68145
1.40102
1.44358
1.49437
1.51821
1.48836
1.54843
1.50307
1.61966
1.56098
1.59503
1.56883
1.5507
1.67567
1.53235
1.85685
1.5708
1.49402
1.47113
1.52735
1.5708
1.54516
1.60725
1.33955
1.61449
1.54538
1.59316
1.57224
1.5585
1.53823
1.54494
1.52735
1.32835
1.4289
1.24905
1.14417
1.38257
1.70557
1.62111
1.91702
1.76982
1.56342
1.67489
1.45913
1.44151
1.4136
1.42461
1.40046
1.51597
1.52321
1.46771
1.48014
1.50423
1.3734
1.44906
1.3113
1.4521
1.46765
1.48825
1.68716
1.54035
1.57588
1.57526
1.55694
1.44505
1.45853
1.39755
1.38545
1.45369
1.53235
1.49949
1.81249
1.72117
1.55069
1.565
1.53269
1.66789
1.50044
1.50773
1.48859
1.49233
1.50543
1.46531
1.4667
1.53082
1.41419
1.50194
1.42478
1.47817
1.49253
1.49758
1.50515
1.50694
1.67583
1.53442
1.53862
1.44531
1.45897
1.41013
1.41271
1.41919
1.44644
1.35213
2.1041
-1.91118
1.50423
1.52568
1.52969
1.54423
1.52595
1.66956
1.49317
1.49304
1.52956
1.47939
1.49019
1.50759
1.43727
1.53378
-0.185348
1.47847
1.43069
1.44525
1.43824
1.45373
1.47408
1.49781
1.67871
