-2.35837
1.02929
0.792109
0.736257
0.463648
0
-3.08284
0.244979
0.643501
0.141897
0.165149
0.244979
0.71883
0.463648
0.714091
0.625751
0.921801
-2.37495
0.91972
0.876058
0.667306
0
-3.08284
0.218669
0.141897
0.0831412
-0.110657
0.218669
0.321751
0.463648
0.832981
0.91199
1.0411
0.992377
-2.40422
0.449086
-2.05273
1.28474
-1.81577
-1.08517
-0.968509
-0.632749
-0.0624188
1.16067
0.591776
0.477345
1.02401
0.832981
3.14159
2.40878
0.396301
-2.51201
0.762414
0
-3.08609
0.358771
0.332059
0.124355
-0.165149
-0.218669
0.463648
-0.785398
-3.01724
-3.05845
0
0.305879
0.588003
0.723601
-2.4508
0
-3.08609
0.765401
0.714091
0.386876
0.0525831
-0.124355
-0.197396
-0.321751
-0.674741
-0.519146
0.43751
0.225038
0.945774
0.867566
1.09239
-2.52438
-0.0689382
-2.37015
-2.28058
-2.67181
-2.87065
-3.06482
-2.19959
3.14159
0.576375
0.385158
-2.55359
-2.79282
-2.37112
-2.2143
-2.05288
0.446788
-2.47816
1.28948
1.11046
0.979878
1.02041
0.463648
1.01914
1.33971
-0.54042
3.02448
0
0.124355
0
0.551655
0.635027
0
-3.08609
-2.60522
0.692074
0.967047
0.904827
0.566729
0.54042
0.321751
0
0
0.446106
0.223477
0.44752
0.654083
0.859337
-2.08994
1.10715
0.966666
-2.3745
0.853504
0.807617
0.857735
0.664046
0.493941
0.632749
0.308053
0.410127
0.321751
0.463648
0.636508
0.674741
3.01724
-0.0831412
0.942
0.894059
-2.34548
0.902748
0.882316
0.813962
0.726642
0.507099
0.372988
0.614663
0.41241
0.380506
0.463648
0.439843
0.218669
-0.0996687
0.785398
0.882438
0.892426
-2.3442
0.923784
0.998603
0.890275
0.714091
0.548549
0.661043
0.528074
0.302885
0.463648
0.489957
1.48766
0
0.687671
0.79989
0.876058
0.888278
-2.34495
0.887021
0.982794
0.761013
0.759763
0.859887
0.708626
0.588003
0.496423
0.255182
-0.404892
-1.24905
0.566729
0.613207
0.740652
0.865685
0.847209
-2.32562
0.956342
0.835357
0.918625
0.260602
-0.244979
0.197396
0.0906599
0.558599
1.71269
0
0.507099
0.563316
0.71883
0.785398
1.00748
0.959176
-2.36378
0.76331
-0.117109
1.13301
1.046
0.868539
0.702257
0.394791
-3.09163
0
0.244979
0.2783
0.260602
0.367174
0.286051
0.354706
0.803399
-2.37874
0.910305
1.05652
1.08828
0.932835
0.827627
0.612538
0.753151
2.71497
0.635027
0.463648
0.380506
0.404892
0.358771
0.785398
0.588003
0.842383
-2.3441
