-2.35918
0.96812
0.800782
0.601074
0.514451
0.380506
0.266252
0.2783
0.674741
0.982794
2.67795
2.76109
0
-3.08609
1.65394
0.811847
0.873406
-2.38927
0.87204
0.874054
0.785398
0.652847
0.426627
0.321751
0.463648
0.321751
0.197396
0.463648
0
-3.08609
0.661043
0.86217
1.07524
0.951243
-2.398
0.842075
1.07685
1.14417
0.785398
0.588003
0
0.404892
0.404892
0.610726
0
0
0.86217
0.967047
-0.463648
0.785398
0.457278
-2.54317
0.826247
0.94296
0.69866
0.588003
1.10715
0.620249
0.463648
-0.321751
0
-3.08901
-0.321751
-0.643501
1.0122
1.05165
1.08828
0.698909
-2.4621
0.765716
0.575758
0.441179
0.390607
0.244979
0.0996687
0.0996687
0
-3.09163
0.321751
0.54042
0.491809
0.394791
0.802346
0.746457
0.965869
-2.40842
0.722419
2.76109
-2.55359
-2.7367
3.14159
0.785398
0
-0.463648
0.620249
0.643501
0.851966
0.785398
0.785398
0.91795
1.08517
1.13317
-2.20883
1.23027
1.41144
1.31824
1.17227
1.10715
0.825377
-1.72345
0.851966
0.785398
0.785398
0.674741
0.982794
0.876058
1.14417
1.06031
0.919209
-2.40803
1.02463
1.09694
0.970746
0.904827
0
2.67795
0.620249
0.588003
0.785398
0.588003
1.24905
0.950547
1.22203
1.26791
1.22982
1.09229
-2.26911
1.09949
1.0964
1.02401
0
-2.03444
0.851966
0.785398
0.785398
0.694738
0.785398
0.785398
1.10715
1.15257
1.20362
1.19646
1.0839
-2.21483
1.13246
1.16814
0.218669
-2.03444
0.876058
0.785398
1.15839
1.04272
0.726642
0.785398
0.737815
0.822418
0.876058
0.96007
1.13417
1.23747
-2.06441
1.2881
1.27468
-1.74639
1.344
1.26492
1.15257
1.07685
0.876058
0.915101
0.825377
0.91795
0.96007
1.05525
1.15473
1.27536
1.24546
-2.04865
1.35924
-1.61994
1.32582
1.22203
-2.55359
-2.44685
3.14159
-0.785398
0
0.674741
0.432408
0.54042
0.523278
0.769006
0.89341
0.993863
-2.78282
0.0416426
-2.35619
-2.52839
1.1394
1.51956
0.761013
1.04272
-0.269167
2.11122
-0.844154
-2.97644
-2.58299
-2.29245
-2.3398
-1.90825
0.484808
-2.51031
1.24388
1.28351
0.867566
0.71883
0.643501
0.404892
0.628796
0.54042
0.661043
0.628796
0.674741
0.785398
0.785398
0.982794
0.785398
1.4022
-2.31549
0.879046
1.2255
1.17846
0.99004
0.870903
0.904827
0.785398
0.785398
0.927295
0.927295
1.15257
1.32582
1.4289
-2.03444
1.54378
1.26768
-2.12468
