0.0180757
0.0189661
4.35291
44.1102
26.5746
19.0955
1
13.6367
13.1503
1
2.03292
2.98467
26.692
1
24.3785
0.0187139
0.0189545
0.0181142
0.018622
5.38741
44.1102
26.5746
19.0955
1
13.6367
13.1503
4.32346
4.294
19.1112
1
31.1682
50.2575
19.7126
0.0187452
0.018102
0.0186039
5.08093
44.1102
1
19.0955
15.3635
13.6367
2.94049
3.22252
15.4822
1
18.8741
44.0785
44.0785
24.3785
0.0187815
0.0180331
0.0186059
5.72872
44.1102
18.7911
1
1
1.74599
1.82362
13.672
15.4822
19.1112
1
26.692
31.1682
24.3785
0.0187586
0.01805
0.0185211
1
31.1907
26.5746
19.0955
0.315054
0.285276
5.88099
13.672
15.4822
19.1112
19.1112
26.692
44.0785
25.1288
0.0187691
0.0180763
355.976
24.3049
1
26.5746
0.20304
0.162334
13.6367
1
13.672
15.4822
15.4822
1
26.692
44.0785
33.505
0.0188109
1
0.0184108
4.76658
44.1102
0.47334
0.360036
1
13.6367
13.1503
13.672
13.672
10.9476
1
18.8741
44.0785
24.3785
355.64
0.0178954
0.0181746
6.99908
0.613946
0.379443
13.5025
1
13.6367
13.1503
13.1503
13.672
15.4822
19.1112
26.692
1
100.515
0.0183904
0.0179667
0.0175132
3.01465
2.39221
1
13.5025
10.8637
9.64257
13.6367
13.1503
13.672
15.4822
9.55561
1
1
25.1288
0.0178947
0.018003
0.0174319
0.157048
44.1102
1
13.5025
10.8637
15.3635
13.6367
9.29866
1
10.9476
6.37041
26.692
22.0392
31.7857
0.0173726
0.0144276
0.0153984
2.55032
19.7267
1
19.0955
19.0955
1
13.6367
13.1503
6.1143
3.755
13.5137
5.9685
44.0785
3.04451
0.0160249
0.0149938
0.0183597
5.45079
44.1102
18.7911
18.7911
19.0955
1
9.64257
13.1503
13.672
15.4822
19.1112
18.8741
1
0.920261
0.0398848
0.0180097
0.0185448
5.602
44.1102
44.1102
1
19.0955
15.3635
13.6367
13.1503
13.672
7.74112
13.5137
26.692
1.3655
2.51131
0.018802
0.018033
0.0184362
6.78719
4.63228
1
11.8845
1
15.3635
1
13.1503
9.66756
15.4822
19.1112
4.44866
7.34641
33.505
0.0188399
0.0179648
0.018404
0.0187481
5.20975
44.1102
1
1
15.3635
1
9.29866
6.836
15.4822
0.404069
0.618241
31.1682
24.3785
0.01887
0.0180662
