Ch	FreqNum	GIC_SW	CNTHigh	CNTLow	GAP	CCS_A	CCS_B	GIC1A	GIC1B	GIC2A	GIC2B	GIC3A	GIC3B	GIC4A	GIC4B	OffsetHigh	OffsetLow
0	0	8	3	231	1	144	213	128	128	128	128	128	128	128	128	0	12	
0	1	8	0	199	1	98	220	128	128	128	128	128	128	128	128	0	21	
0	2	8	0	99	1	114	232	128	128	128	128	128	128	128	128	0	12	
0	3	8	0	9	1	188	221	128	128	128	128	128	128	128	128	0	12	
0	4	8	0	1	1	104	178	131	70	131	70	131	70	131	70	0	19	
0	5	8	0	0	1	190	160	128	195	128	195	128	195	128	195	0	11	
0	6	4	0	0	5	129	93	127	147	127	147	127	147	127	147	0	10	
0	7	4	0	0	10	129	108	129	56	129	56	129	56	129	56	0	10	
0	8	2	0	0	25	172	98	118	60	118	60	118	60	118	60	0	34	
0	9	1	0	0	40	3	158	12	86	12	86	12	86	12	86	0	69	
0	16	8	3	231	1	144	213	128	128	128	128	128	128	128	128	0	12	
0	17	8	0	9	1	188	221	128	128	128	128	128	128	128	128	0	12	
0	18	8	0	0	1	190	160	128	195	128	195	128	195	128	195	0	11	
0	19	4	0	0	5	129	93	127	147	127	147	127	147	127	147	0	10	
1	0	8	3	231	1	150	220	128	128	128	128	128	128	128	128	0	10	
1	1	8	0	199	1	147	226	128	128	128	128	128	128	128	128	0	17	
1	2	8	0	99	1	106	235	128	128	128	128	128	128	128	128	0	7	
1	3	8	0	9	1	115	224	128	128	128	128	128	128	128	128	0	8	
1	4	8	0	1	1	87	199	143	43	143	43	143	43	143	43	0	10	
1	5	8	0	0	1	116	164	125	172	125	172	125	172	125	172	0	7	
1	6	4	0	0	5	98	95	128	136	128	136	128	136	128	136	0	5	
1	7	4	0	0	10	123	110	130	50	130	50	130	50	130	50	0	5	
1	8	2	0	0	25	50	255	190	100	190	100	190	100	190	100	0	32	
1	9	1	0	0	40	4	185	215	73	215	73	215	73	215	73	0	39	
1	16	8	3	231	1	150	220	128	128	128	128	128	128	128	128	0	10	
1	17	8	0	9	1	115	224	128	128	128	128	128	128	128	128	0	8	
1	18	8	0	0	1	116	164	125	172	125	172	125	172	125	172	0	7	
1	19	4	0	0	5	98	95	128	136	128	136	128	136	128	136	0	5	
2	0	8	3	231	1	115	220	128	128	128	128	128	128	128	128	0	10	
2	1	8	0	199	1	141	225	128	128	128	128	128	128	128	128	0	19	
2	2	8	0	99	1	160	229	128	128	128	128	128	128	128	128	0	9	
2	3	8	0	9	1	141	219	128	128	128	128	128	128	128	128	0	9	
2	4	8	0	1	1	39	209	255	1	255	1	255	1	255	1	0	11	
2	5	8	0	0	1	143	161	129	172	129	172	129	172	129	172	0	8	
2	6	4	0	0	5	115	93	126	137	126	137	126	137	126	137	0	7	
2	7	4	0	0	10	112	108	131	50	131	50	131	50	131	50	0	7	
2	8	2	0	0	25	210	90	130	65	130	65	130	65	130	65	0	24	
2	9	1	0	0	40	3	112	253	112	253	112	253	112	253	112	0	31	
2	16	8	3	231	1	115	220	128	128	128	128	128	128	128	128	0	10	
2	17	8	0	9	1	141	219	128	128	128	128	128	128	128	128	0	9	
2	18	8	0	0	1	143	161	129	172	129	172	129	172	129	172	0	8	
2	19	4	0	0	5	115	93	126	137	126	137	126	137	126	137	0	7	
3	0	8	3	231	1	105	215	128	128	128	128	128	128	128	128	0	9	
3	1	8	0	199	1	94	221	128	128	128	128	128	128	128	128	0	17	
3	2	8	0	99	1	104	231	128	128	128	128	128	128	128	128	0	12	
3	3	8	0	9	1	105	221	128	128	128	128	128	128	128	128	0	12	
3	4	8	0	1	1	113	200	129	10	129	10	129	10	129	10	0	12	
3	5	8	0	0	1	130	160	132	194	132	194	132	194	132	194	0	11	
3	6	4	0	0	5	97	93	128	134	128	134	128	134	128	134	0	10	
3	7	4	0	0	10	127	108	128	49	128	49	128	49	128	49	0	9	
3	8	2	0	0	25	3	121	78	38	78	38	78	38	78	38	0	34	
3	9	1	0	0	40	240	85	164	74	164	74	164	74	164	74	0	37	
3	16	8	3	231	1	105	215	128	128	128	128	128	128	128	128	0	9	
3	17	8	0	9	1	105	221	128	128	128	128	128	128	128	128	0	12	
3	18	8	0	0	1	130	160	132	194	132	194	132	194	132	194	0	11	
3	19	4	0	0	5	97	93	128	134	128	134	128	134	128	134	0	10	
4	0	8	3	231	1	122	215	128	128	128	128	128	128	128	128	0	8	
4	1	8	0	199	1	58	221	128	128	128	128	128	128	128	128	0	16	
4	2	8	0	99	1	106	237	128	128	128	128	128	128	128	128	0	6	
4	3	8	0	9	1	178	225	128	128	128	128	128	128	128	128	0	6	
4	4	8	0	1	1	97	160	250	245	250	245	250	245	250	245	0	17	
4	5	8	0	0	1	161	164	126	175	126	175	126	175	126	175	0	5	
4	6	4	0	0	5	107	94	129	128	129	128	129	128	129	128	0	4	
4	7	4	0	0	10	103	109	126	47	126	47	126	47	126	47	0	3	
4	8	2	0	0	25	125	92	129	64	129	64	129	64	129	64	0	30	
4	9	1	0	0	40	242	100	169	54	169	54	169	54	169	54	0	31	
4	16	8	3	231	1	122	215	128	128	128	128	128	128	128	128	0	8	
4	17	8	0	9	1	178	225	128	128	128	128	128	128	128	128	0	6	
4	18	8	0	0	1	161	164	126	175	126	175	126	175	126	175	0	5	
4	19	4	0	0	5	107	94	129	128	129	128	129	128	129	128	0	4	
5	0	8	3	231	1	226	216	128	128	128	128	128	128	128	128	0	10	
5	1	8	0	199	1	199	222	128	128	128	128	128	128	128	128	0	18	
5	2	8	0	99	1	109	231	128	128	128	128	128	128	128	128	0	11	
5	3	8	0	9	1	170	220	128	128	128	128	128	128	128	128	0	11	
5	4	8	0	1	1	159	188	112	46	112	46	112	46	112	46	0	12	
5	5	8	0	0	1	150	160	126	189	126	189	126	189	126	189	0	10	
5	6	4	0	0	5	104	93	127	143	127	143	127	143	127	143	0	9	
5	7	4	0	0	10	155	108	131	55	131	55	131	55	131	55	0	9	
5	8	2	0	0	25	6	239	78	128	78	128	78	128	78	128	1	5	
5	9	1	0	0	40	3	128	255	117	255	117	255	117	255	117	0	37	
5	16	8	3	231	1	226	216	128	128	128	128	128	128	128	128	0	10	
5	17	8	0	9	1	170	220	128	128	128	128	128	128	128	128	0	11	
5	18	8	0	0	1	150	160	126	189	126	189	126	189	126	189	0	10	
5	19	4	0	0	5	104	93	127	143	127	143	127	143	127	143	0	9	
6	0	8	3	231	1	150	212	128	128	128	128	128	128	128	128	0	8	
6	1	8	0	199	1	92	219	128	128	128	128	128	128	128	128	0	16	
6	2	8	0	99	1	125	235	128	128	128	128	128	128	128	128	0	8	
6	3	8	0	9	1	104	225	128	128	128	128	128	128	128	128	0	8	
6	4	8	0	1	1	243	169	100	145	100	145	100	145	100	145	0	12	
6	5	8	0	0	1	161	163	129	189	129	189	129	189	129	189	0	7	
6	6	4	0	0	5	101	95	128	142	128	142	128	142	128	142	0	6	
6	7	4	0	0	10	114	111	128	55	128	55	128	55	128	55	0	6	
6	8	2	0	0	25	255	84	122	60	122	60	122	60	122	60	0	31	
6	9	1	0	0	40	240	84	163	50	163	50	163	50	163	50	0	31	
6	16	8	3	231	1	150	212	128	128	128	128	128	128	128	128	0	8	
6	17	8	0	9	1	104	225	128	128	128	128	128	128	128	128	0	8	
6	18	8	0	0	1	161	163	129	189	129	189	129	189	129	189	0	7	
6	19	4	0	0	5	101	95	128	142	128	142	128	142	128	142	0	6	
7	0	8	3	231	1	245	214	128	128	128	128	128	128	128	128	0	8	
7	1	8	0	199	1	200	220	128	128	128	128	128	128	128	128	0	16	
7	2	8	0	99	1	110	230	128	128	128	128	128	128	128	128	0	13	
7	3	8	0	9	1	152	219	128	128	128	128	128	128	128	128	0	13	
7	4	8	0	1	1	132	179	114	189	114	189	114	189	114	189	0	11	
7	5	8	0	0	1	149	161	123	169	123	169	123	169	123	169	0	12	
7	6	4	0	0	5	136	92	131	141	131	141	131	141	131	141	0	10	
7	7	4	0	0	10	112	108	131	53	131	53	131	53	131	53	0	10	
7	8	2	0	0	25	112	89	139	62	139	62	139	62	139	62	0	28	
7	9	1	0	0	40	1	161	72	180	72	180	72	180	72	180	1	56	
7	16	8	3	231	1	245	214	128	128	128	128	128	128	128	128	0	8	
7	17	8	0	9	1	152	219	128	128	128	128	128	128	128	128	0	13	
7	18	8	0	0	1	149	161	123	169	123	169	123	169	123	169	0	12	
7	19	4	0	0	5	136	92	131	141	131	141	131	141	131	141	0	10	
8	0	8	3	231	1	171	211	128	128	128	128	128	128	128	128	0	9	
8	1	8	0	199	1	143	217	128	128	128	128	128	128	128	128	0	17	
8	2	8	0	99	1	178	232	128	128	128	128	128	128	128	128	0	9	
8	3	8	0	9	1	132	222	128	128	128	128	128	128	128	128	0	10	
8	4	8	0	1	1	71	169	199	205	199	205	199	205	199	205	0	15	
8	5	8	0	0	1	98	163	128	175	128	175	128	175	128	175	0	9	
8	6	4	0	0	5	98	96	126	143	126	143	126	143	126	143	0	8	
8	7	4	0	0	10	164	112	132	56	132	56	132	56	132	56	0	7	
8	8	2	0	0	25	106	87	137	66	137	66	137	66	137	66	0	30	
8	9	1	0	0	40	14	95	248	65	248	65	248	65	248	65	0	29	
8	16	8	3	231	1	171	211	128	128	128	128	128	128	128	128	0	9	
8	17	8	0	9	1	132	222	128	128	128	128	128	128	128	128	0	10	
8	18	8	0	0	1	98	163	128	175	128	175	128	175	128	175	0	9	
8	19	4	0	0	5	98	96	126	143	126	143	126	143	126	143	0	8	
9	0	8	3	231	1	135	214	128	128	128	128	128	128	128	128	0	11	
9	1	8	0	199	1	111	221	128	128	128	128	128	128	128	128	0	19	
9	2	8	0	99	1	157	234	128	128	128	128	128	128	128	128	0	10	
9	3	8	0	9	1	126	224	128	128	128	128	128	128	128	128	0	10	
9	4	8	0	1	1	169	189	104	87	104	87	104	87	104	87	0	9	
9	5	8	0	0	1	116	163	131	182	131	182	131	182	131	182	0	9	
9	6	4	0	0	5	122	94	127	132	127	132	127	132	127	132	0	8	
9	7	4	0	0	10	106	109	127	47	127	47	127	47	127	47	0	7	
9	8	2	0	0	25	142	92	139	63	139	63	139	63	139	63	0	28	
9	9	1	0	0	40	240	97	188	52	188	52	188	52	188	52	0	37	
9	16	8	3	231	1	135	214	128	128	128	128	128	128	128	128	0	11	
9	17	8	0	9	1	126	224	128	128	128	128	128	128	128	128	0	10	
9	18	8	0	0	1	116	163	131	182	131	182	131	182	131	182	0	9	
9	19	4	0	0	5	122	94	127	132	127	132	127	132	127	132	0	8	
10	0	8	3	231	1	94	215	128	128	128	128	128	128	128	128	0	11	
10	1	8	0	199	1	99	221	128	128	128	128	128	128	128	128	0	19	
10	2	8	0	99	1	111	233	128	128	128	128	128	128	128	128	0	8	
10	3	8	0	9	1	102	223	128	128	128	128	128	128	128	128	0	9	
10	4	8	0	1	1	70	179	201	147	201	147	201	147	201	147	0	13	
10	5	8	0	0	1	121	162	129	187	129	187	129	187	129	187	0	8	
10	6	4	0	0	5	112	93	125	133	125	133	125	133	125	133	0	7	
10	7	4	0	0	10	100	108	130	47	130	47	130	47	130	47	0	6	
10	8	2	0	0	25	100	88	203	51	203	51	203	51	203	51	0	25	
10	9	1	0	0	40	4	102	109	55	109	55	109	55	109	55	0	28	
10	16	8	3	231	1	94	215	128	128	128	128	128	128	128	128	0	11	
10	17	8	0	9	1	102	223	128	128	128	128	128	128	128	128	0	9	
10	18	8	0	0	1	121	162	129	187	129	187	129	187	129	187	0	8	
10	19	4	0	0	5	112	93	125	133	125	133	125	133	125	133	0	7	
11	0	8	3	231	1	90	213	128	128	128	128	128	128	128	128	0	8	
11	1	8	0	199	1	180	219	128	128	128	128	128	128	128	128	0	16	
11	2	8	0	99	1	135	237	128	128	128	128	128	128	128	128	0	15	
11	3	8	0	9	1	127	226	128	128	128	128	128	128	128	128	0	15	
11	4	8	0	1	1	65	160	220	210	220	210	220	210	220	210	0	8	
11	5	8	0	0	1	110	164	125	188	125	188	125	188	125	188	0	14	
11	6	4	0	0	5	114	95	126	146	126	146	126	146	126	146	0	12	
11	7	4	0	0	10	108	110	131	54	131	54	131	54	131	54	0	12	
11	8	2	0	0	25	8	231	60	210	60	210	60	210	60	210	1	6	
11	9	1	0	0	40	17	106	250	91	250	91	250	91	250	91	0	37	
11	16	8	3	231	1	90	213	128	128	128	128	128	128	128	128	0	8	
11	17	8	0	9	1	127	226	128	128	128	128	128	128	128	128	0	15	
11	18	8	0	0	1	110	164	125	188	125	188	125	188	125	188	0	14	
11	19	4	0	0	5	114	95	126	146	126	146	126	146	126	146	0	12	
12	0	8	3	231	1	150	210	128	128	128	128	128	128	128	128	0	10	
12	1	8	0	199	1	91	217	128	128	128	128	128	128	128	128	0	18	
12	2	8	0	99	1	112	249	128	128	128	128	128	128	128	128	0	12	
12	3	8	0	9	1	120	238	128	128	128	128	128	128	128	128	0	13	
12	4	8	0	1	1	97	160	190	241	190	241	190	241	190	241	0	23	
12	5	8	0	0	1	142	173	133	181	133	181	133	181	133	181	0	12	
12	6	4	0	0	5	136	99	126	138	126	138	126	138	126	138	0	10	
12	7	4	0	0	10	131	115	130	49	130	49	130	49	130	49	0	10	
12	8	2	0	0	25	81	88	126	64	126	64	126	64	126	64	0	27	
12	9	1	0	0	40	236	95	147	57	147	57	147	57	147	57	0	29	
12	16	8	3	231	1	150	210	128	128	128	128	128	128	128	128	0	10	
12	17	8	0	9	1	120	238	128	128	128	128	128	128	128	128	0	13	
12	18	8	0	0	1	142	173	133	181	133	181	133	181	133	181	0	12	
12	19	4	0	0	5	136	99	126	138	126	138	126	138	126	138	0	10	
13	0	8	3	231	1	88	214	128	128	128	128	128	128	128	128	0	10	
13	1	8	0	199	1	163	219	128	128	128	128	128	128	128	128	0	18	
13	2	8	0	99	1	125	232	128	128	128	128	128	128	128	128	0	8	
13	3	8	0	9	1	150	221	128	128	128	128	128	128	128	128	0	9	
13	4	8	0	1	1	154	189	119	64	119	64	119	64	119	64	0	12	
13	5	8	0	0	1	121	162	127	173	127	173	127	173	127	173	0	8	
13	6	4	0	0	5	157	92	123	134	123	134	123	134	123	134	0	6	
13	7	4	0	0	10	124	106	124	49	124	49	124	49	124	49	0	6	
13	8	2	0	0	25	209	88	123	63	123	63	123	63	123	63	0	30	
13	9	1	0	0	40	3	90	255	90	255	90	255	90	255	90	0	31	
13	16	8	3	231	1	88	214	128	128	128	128	128	128	128	128	0	10	
13	17	8	0	9	1	150	221	128	128	128	128	128	128	128	128	0	9	
13	18	8	0	0	1	121	162	127	173	127	173	127	173	127	173	0	8	
13	19	4	0	0	5	157	92	123	134	123	134	123	134	123	134	0	6	
14	0	8	3	231	1	2	206	128	128	128	128	128	128	128	128	0	15	
14	1	8	0	199	1	29	216	128	128	128	128	128	128	128	128	0	22	
14	2	8	0	99	1	149	233	128	128	128	128	128	128	128	128	0	9	
14	3	8	0	9	1	93	223	128	128	128	128	128	128	128	128	0	10	
14	4	8	0	1	1	130	202	123	12	123	12	123	12	123	12	0	13	
14	5	8	0	0	1	130	162	129	201	129	201	129	201	129	201	0	9	
14	6	4	0	0	5	102	101	133	165	133	165	133	165	133	165	0	7	
14	7	4	0	0	10	249	224	180	255	180	255	180	255	180	255	0	67	
14	8	2	0	0	25	81	90	142	58	142	58	142	58	142	58	0	28	
14	9	1	0	0	40	138	99	255	60	255	60	255	60	255	60	0	37	
14	16	8	3	231	1	2	206	128	128	128	128	128	128	128	128	0	15	
14	17	8	0	9	1	93	223	128	128	128	128	128	128	128	128	0	10	
14	18	8	0	0	1	130	162	129	201	129	201	129	201	129	201	0	9	
14	19	4	0	0	5	102	101	133	165	133	165	133	165	133	165	0	7	
15	0	8	3	231	1	189	214	128	128	128	128	128	128	128	128	0	9	
15	1	8	0	199	1	210	220	128	128	128	128	128	128	128	128	0	17	
15	2	8	0	99	1	135	236	128	128	128	128	128	128	128	128	0	11	
15	3	8	0	9	1	145	225	128	128	128	128	128	128	128	128	0	11	
15	4	8	0	1	1	36	159	116	229	116	229	116	229	116	229	0	18	
15	5	8	0	0	1	120	164	132	166	132	166	132	166	132	166	0	10	
15	6	4	0	0	5	112	93	126	126	126	126	126	126	126	126	0	8	
15	7	4	0	0	10	109	108	130	45	130	45	130	45	130	45	0	8	
15	8	2	0	0	25	255	91	131	59	131	59	131	59	131	59	0	31	
15	9	1	0	0	40	48	100	17	80	17	80	17	80	17	80	0	37	
15	16	8	3	231	1	189	214	128	128	128	128	128	128	128	128	0	9	
15	17	8	0	9	1	145	225	128	128	128	128	128	128	128	128	0	11	
15	18	8	0	0	1	120	164	132	166	132	166	132	166	132	166	0	10	
15	19	4	0	0	5	112	93	126	126	126	126	126	126	126	126	0	8	
