1.00069
0.998787
0.9997
0.999422
1.00029
1.00016
0.999899
0.999773
0.997088
1.00216
0.999611
0.99967
1
0.999831
0.999762
1.0004
1.00054
0.998672
0.999962
0.999857
0.999409
1.00044
1.00016
1.0002
1.00216
0.999674
0.999341
1.00057
0.998479
0.999737
0.999524
1.00019
1.00029
0.999286
0.99993
0.999136
0.999709
1.00009
1.00038
0.999835
0.999798
1.00212
0.996795
1.0022
0.999542
0.999999
1.00008
1.00025
1.00086
1.00021
0.999911
0.999308
0.998052
0.999906
1.00035
1.00067
0.998099
1.00062
0.999417
1.00645
1.00227
1.00065
1.0005
1.00072
1.00019
0.999466
0.999925
0.999136
0.998418
0.999197
1.00081
1.00026
1.00026
0.998897
1.00102
0.998185
1.00307
0.997577
1.00163
0.99948
1.00032
1.00019
1.00034
0.999987
0.998375
0.999237
1.00117
1.00035
1.00017
1.00016
0.999374
1.00133
1.00181
0.999999
1.00239
1.00044
1.00141
0.999306
1.00019
0.999733
0.999734
0.999066
1.0011
1.00089
0.999589
0.999659
1
0.99866
1.00029
1
1.00067
1.00335
0.998011
1.00165
0.99846
1.00039
1
1.00006
1.00104
1.00085
0.999535
0.999586
0.999758
1
0.998671
1
1.00042
1.0004
0.997416
0.99586
1.0003
0.998862
1
0.999582
1.0003
1.0008
0.999752
0.998961
0.999812
1
1.00013
1
1.00049
1.00204
1.00209
1.00578
1
1.0005
1.00017
0.999967
1.00009
1.00039
0.999684
0.999029
0.998445
0.999417
0.999826
1.00028
0.998664
1.00093
1.00069
1
1.00348
0.997709
0.999588
1
1.00022
1.00047
0.999959
0.998908
0.998548
0.998243
0.999683
0.999599
1.00043
0.999223
1.00146
1
0.998173
0.997891
1.00441
1.00062
1.00035
1.0009
0.999474
0.999584
0.998252
0.998496
0.998993
0.999867
0.999683
1.00007
0.999871
0.999667
1.00091
1.00206
0.994375
0.998104
1.00095
1.00144
0.999502
1.00026
0.999624
0.998237
0.999141
0.999226
0.999628
0.999912
1.00025
1.00013
1.00032
0.999611
0.999766
1.00064
0.999755
1.00142
0.999658
1.00044
0.999498
0.999427
0.999015
0.999379
0.998815
1.00088
1.00056
0.999858
1.00054
1.00097
1.00083
0.999547
1.00575
0.998199
1.00041
0.998826
1.00019
0.999512
0.999833
0.999298
0.999013
1.00059
1.00076
0.999486
1.00017
1.00039
0.999999
1.00051
1.00022
0.999243
0.997647
1.00101
1.00051
1.00049
1.0002
1.00019
0.99899
1.00062
