0.0183073
0.00558262
0.00268403
0.00228973
0.00227242
0.00230818
0.0023902
0.00226009
0.00231459
0.00223736
0.00230412
0.00241288
0.00233167
0.0022679
0.0024067
0.00586594
0.00567747
0.0182128
0.0056263
0.00263193
0.0022608
0.00223683
0.00238055
0.00231231
0.00231058
0.00222208
0.00223559
0.00241436
0.00241811
0.0022717
0.00220054
0.00233325
0.00266368
0.00563101
0.0182672
0.00577975
0.00242899
0.00223722
0.00230809
0.00230227
0.0023673
0.00222326
0.00222985
0.00235962
0.00243449
0.00236181
0.0021951
0.00226223
0.00230031
0.00182455
0.00581576
0.0182545
0.00556451
0.00253947
0.00230627
0.00224196
0.00235948
0.00227595
0.00223106
0.00237388
0.00240164
0.00237077
0.00227794
0.00230885
0.00226677
0.00214331
0.00266464
0.0055102
0.0183362
0.00581464
0.00262294
0.00227273
0.00230536
0.00227879
0.00229879
0.00237254
0.00241456
0.00231102
0.00227018
0.00238953
0.00235107
0.00229331
0.00233407
0.00263261
0.00576669
0.0183128
0.0056614
0.00267288
0.00230992
0.00220858
0.00229347
0.00242363
0.00241787
0.00233217
0.00223032
0.0024234
0.00235524
0.00245776
0.00231916
0.00228752
0.00244312
0.00573402
0.0182747
0.00560976
0.00267225
0.00221259
0.00221363
0.00240636
0.00243927
0.00232273
0.00221799
0.00238297
0.00229121
0.00438999
0.00238586
0.00226054
0.00226399
0.00255135
0.00559225
0.0182873
0.00574106
0.00253147
0.0022112
0.00233115
0.00242814
0.00238453
0.00222362
0.00237769
0.00230893
0.00439893
0.00240759
0.00234963
0.00228246
0.00225657
0.00263631
0.0056306
0.0183691
0.00574771
0.00242997
0.00233017
0.00234012
0.00238269
0.00229059
0.0024017
0.0023091
0.00439515
0.00237166
0.00235874
0.00236936
0.00225088
0.0023276
0.00267468
0.00565172
0.0184243
0.00577911
0.00255997
0.00229294
0.00229727
0.00227948
0.00244015
0.00235532
0.00439492
0.0023724
0.00231758
0.00238251
0.00232764
0.00232929
0.00228656
0.00268482
0.00585493
0.0183808
0.0055478
0.00235386
0.00227046
0.00218932
0.00240847
0.00233606
0.00438407
0.00235191
0.00230498
0.00231547
0.00232662
0.00238826
0.00224659
0.00230002
0.00253309
0.00579381
0.0182575
0.00559778
0.0025018
0.0021815
0.00230517
0.00228679
0.00245778
0.00240995
0.00230702
0.0023246
0.00225656
0.00237434
0.00229271
0.00227088
0.00220102
0.00239216
0.00554718
0.0182782
0.00581702
0.00239456
0.00226483
0.00230538
0.00230252
0.00241
0.00237293
0.00231764
0.00227183
0.00234796
0.00232235
0.00236901
0.0022072
0.00220819
0.00255183
0.00576235
0.0183264
0.00565683
0.00234891
0.00264643
0.00214382
0.00231371
0.00233773
0.00235219
0.00224424
0.00233015
0.00227374
0.0023769
0.00228398
0.00221584
0.0023234
0.00236368
0.0057642
0.018239
0.00559183
0.00583846
0.00183176
0.00234366
0.00228763
0.00236884
0.00233318
0.00234865
0.00226196
0.00229902
0.00227421
0.00227701
0.00230941
0.00227466
0.00249225
0.00552708
0.0182832
