0.0180571
0.00524802
0.0068863
0.00693726
0.00771981
0.00680549
0.00795714
0.0087369
0.0138508
0.0324274
0.0536952
0.0603106
0.061056
0.0622334
0.0636483
0.00688818
0.00548209
0.0181331
0.0170611
0.0489765
0.0550717
0.0485798
0.0575817
0.00675258
0.00018012
0.0153703
0.00702913
0.00630451
0.00604863
0.00611659
0.0062494
0.00619076
0.0455333
0.0102067
0.017892
0.00574864
0.0191287
0.0167367
0.0192324
0.019292
0.0191896
0.0197238
0.0246182
0.0369028
0.043168
0.048191
0.0487725
0.0484001
0.021342
0.0214676
0.0061079
0.0185562
0.0067185
0.0198853
0.0229604
0.0228372
0.0278619
0.0208079
0.0197553
0.019425
0.0197735
0.0207603
0.0212438
0.0210855
0.0207713
0.0206753
0.0204222
0.00596872
0.0181875
0.00583603
0.0232204
0.0231412
0.0270829
0.0208551
0.0201272
0.0197642
0.0194554
0.0197453
0.0211154
0.0203023
0.0218109
0.0221213
0.0216573
0.0219842
0.00684713
0.0187517
0.00601617
0.0198003
0.0192374
0.0179428
0.0174133
0.0171671
0.0172813
0.018372
0.0230287
0.0211284
0.0147792
0.0148766
0.0146669
0.0148163
0.0166552
0.00510748
0.0177858
0.0110514
0.0412316
0.0537626
0.0519822
0.050398
0.0479714
0.0368886
0.0245828
0.0157786
0.0346628
0.0416929
0.0431394
0.0443043
0.0505527
0.0442465
0.0106836
0.0174941
0.0061666
0.0172081
0.0167841
0.0168731
0.0164467
0.0166888
0.0197164
0.0230346
0.0230525
0.0172455
0.0162719
0.0163703
0.0184759
0.0161324
0.0186906
0.00623389
0.0170591
0.0104828
0.0521642
0.052386
0.0507728
0.050383
0.0538695
0.0395106
0.0325569
0.0307728
0.030705
0.0314985
0.0365431
0.0321575
0.0371747
0.0374393
0.00982387
0.0162885
0.00934994
0.0332583
0.0326304
0.0328641
0.0335302
0.0323043
0.0142591
0.015742
0.0217028
0.0395139
0.06816
0.0651546
0.0729014
0.0726843
0.0710721
0.0109822
0.0180989
0.00511689
0.0139796
0.0141387
0.0142875
0.0141092
0.0226887
0.0226112
0.0212759
0.0184196
0.0197735
0.0171698
0.0193386
0.0193817
0.0146368
0.0176361
0.00540402
0.0186546
0.00606082
0.0225025
0.0226333
0.0223077
0.0176081
0.0175044
0.0171671
0.0173018
0.0230903
0.0230479
0.0257807
0.0255339
0.0290283
0.0232015
0.0226302
0.00620485
0.0187256
0.00543054
0.0175356
0.0172944
0.021444
0.0217418
0.0215327
0.021208
0.0240582
0.0205331
0.0204727
0.0200666
0.0183537
0.0184717
0.017848
0.0178332
0.00542701
0.0186977
0.00599135
0.0211818
0.0173588
0.0174291
0.0172163
0.0171938
0.0195286
0.0184223
0.0204836
0.0194868
0.00899999
0.0220948
0.0216716
0.0215345
0.0211015
0.00592152
0.0186979
0.00529543
0.00592247
0.0213179
0.0208697
0.021001
0.0233578
0.0211768
0.0221116
0.0204995
0.0197191
0.0178767
0.0174048
0.0173543
0.0168885
0.0172726
0.00538709
0.0187475
