-3.03573
0.108513
3.09103
3.09003
3.08883
3.09195
3.08369
-2.70692
-0.037047
3.14159
-0.463648
-0.197396
-0.215766
-0.194325
-0.200918
3.123
0.110007
-3.03495
3.12345
-0.141146
-0.150253
-0.136756
-0.209023
1.19991
3.09386
3.14159
3.0873
3.09925
3.09108
3.09372
3.09208
3.08988
-3.13211
-3.13354
3.11714
-3.12779
-3.12583
-3.12459
-3.12453
-3.13266
-3.11986
-3.09163
-3.07917
-3.09995
-3.12405
-3.13455
-3.13335
-3.13638
-3.12583
-3.12733
-3.12854
3.11614
-3.13097
-3.12965
-3.13128
-3.13825
-3.13258
-3.12076
-3.09814
-3.07917
-3.09814
-3.12236
-3.12621
-3.13007
-3.12635
-3.12744
-3.12783
-3.12956
3.12414
-3.13106
-3.13294
-3.13685
3.14159
-3.127
-3.12341
-3.10161
-3.07917
3.14159
-3.12032
-3.12597
3.14159
3.14159
3.14065
3.1405
-3.13662
3.10927
-3.10614
-3.097
-3.12528
-3.08947
-3.0867
-3.08759
-3.08284
-3.07029
-3.09617
3.14159
-3.08284
-3.08142
-3.08148
-3.08406
-3.08389
-3.10256
3.11545
3.14033
3.13001
3.1407
3.14159
3.14159
3.14159
3.14159
-3.06482
-3.07917
-3.10457
3.14159
3.14159
3.13507
3.136
3.13719
-3.13877
3.12098
-3.09811
-3.04828
-3.04853
-3.0499
-3.04192
-3.03486
-3.05845
-3.06482
-3.06482
-3.06482
-3.04192
-3.06069
-3.06527
-3.06106
-3.06361
-3.10239
3.12899
-3.1358
3.14089
3.13792
3.13686
3.13542
3.14159
3.14159
-3.09617
-3.07029
-3.09814
-3.12308
-3.1334
-3.13045
-3.13048
3.13687
-3.13825
3.11673
-3.12985
-3.13199
-3.13305
-3.1302
-3.12667
-3.12308
-3.08901
-3.08284
-3.07029
3.14159
3.14159
3.14159
3.14159
3.125
3.13221
-3.1347
3.11183
-3.11276
-3.10189
-3.10083
-3.10209
-3.10161
-3.13479
-3.12374
-3.10161
3.14159
-3.07502
-3.08759
-3.10631
-3.10589
-3.10457
-3.10313
-3.11144
3.1132
-3.13405
-3.13669
-3.13762
3.14159
-3.07945
-3.08352
-3.05609
-3.07917
-3.05845
-3.09814
3.14159
3.10373
3.11382
3.14059
-3.14085
-3.13534
3.10897
-3.0992
-3.08071
-3.08442
3.13437
3.13202
3.13538
3.14159
3.14159
-3.06482
-3.07029
-2.85904
-0.151274
-3.0696
-3.06926
-3.07151
-3.09814
3.10937
-3.14
3.13205
-3.09728
-3.09848
-3.0978
-3.09995
-3.08284
-3.07917
-3.06482
2.91812
3.08488
3.14159
3.13915
3.13789
3.13779
-3.13758
3.11399
-3.1143
-3.13626
3.13988
3.13896
3.13699
3.14159
3.14159
3.14159
-2.9305
-0.0779666
-3.08451
-3.08901
-3.09672
-3.09735
-3.0959
-3.1107
3.11535
