0.033986
0.0114183
0.0801483
0.0915853
0.0839785
0.095853
0.10165
0.0767521
0.0724816
0.196246
0.0961192
0.086763
0.0903378
0.0983931
0.0859969
0.0111567
0.0117559
0.0331436
0.0174034
0.0895201
0.0832162
0.0902009
0.0958372
0.0827674
0.0980769
0.0872487
0.0865635
0.0960377
0.0918614
0.0965835
0.0838532
0.0933205
0.0889339
0.0111076
0.0507082
0.0114394
0.0857983
0.0937978
0.097449
0.0903265
0.0911044
0.130915
0.130558
0.10279
0.0829064
0.0954739
0.0806729
0.0900426
0.0930037
0.0910818
0.0186457
0.0332419
0.011997
0.0888034
0.0901653
0.0838648
0.0840342
0.0916492
0.0980328
0.165283
0.0710692
0.0961192
0.0902256
0.0980512
0.0888961
0.0864676
0.0786775
0.0108791
0.035192
0.0128028
0.0976061
0.0907945
0.0945365
0.104647
0.0961665
0.0728497
0.117056
0.0979833
0.0828563
0.0904329
0.0979481
0.09502
0.0848065
0.0946984
0.0126317
0.0354925
0.0115155
0.0851775
0.0882554
0.0979804
0.0902107
0.0795412
0.154047
0.0923183
0.0620067
0.0950744
0.0870611
0.0885848
0.0820164
0.0903505
0.0835051
0.0126006
0.0333229
0.010876
0.0929253
0.0996899
0.0916671
0.0904891
0.0833174
0.102979
0.36956
0.0876389
0.095114
0.0961192
0.086763
0.0951832
0.0890675
0.0959756
0.0116859
0.0327035
0.0122995
0.0938386
0.0870106
0.085353
0.0883923
0.0914846
0.0708642
0.116774
0.063379
0.110855
0.0909087
0.0937837
0.0871643
0.0937329
0.093692
0.0106379
0.0349612
0.0115736
0.0872914
0.0842942
0.0879561
0.0959967
0.0827674
0.153806
0.153504
0.102418
0.0864487
0.0914271
0.0854619
0.0917345
0.0935355
0.085426
0.0122872
0.0339864
0.0109705
0.0873711
0.0915849
0.09875
0.0837233
0.0870296
0.0896443
0.124003
0.102504
0.130721
0.0915732
0.0980707
0.0987915
0.0898556
0.0918294
0.0114387
0.0328207
0.0109525
0.0853034
0.0930989
0.082219
0.0922336
0.097926
0.0870296
0.103025
0.102683
0.0981231
0.101748
0.0959496
0.0876285
0.0900375
0.0941662
0.0106076
0.0334692
0.0108031
0.0937563
0.0806247
0.0900859
0.0951363
0.0940211
0.0871002
0.0868459
0.130873
0.0866871
0.100978
0.0886428
0.0874778
0.0928834
0.0859196
0.0107505
0.0326185
0.011456
0.0819834
0.0926032
0.092803
0.0929703
0.0887054
0.0913288
0.0981864
0.0827714
0.0979833
0.0910635
0.0903469
0.0960656
0.0869151
0.0829697
0.0106395
0.0336594
0.0179592
0.093515
0.0916587
0.0899948
0.0840901
0.0983466
0.0833174
0.111085
0.102418
0.0980412
0.0960377
0.0960492
0.086954
0.0856656
0.0877847
0.0113129
0.0515101
0.0109295
0.0121701
0.094026
0.0855885
0.0984643
0.0869894
0.107636
0.0980328
0.102498
0.153525
0.106094
0.0868456
0.0851128
0.0862644
0.093227
0.0181988
0.0324121
