1.2192
-1.57756
-1.30387
-1.26776
-1.28963
-1.26492
-1.2925
-1.2925
-1.2925
-1.24905
-1.28956
-1.27776
-1.29116
-1.26397
-1.29516
-1.59006
-1.56887
1.20283
-1.43967
-1.27348
-1.29187
-1.26966
-1.28426
-1.287
-1.27934
-1.344
-1.32582
-1.30631
-1.29364
-1.26407
-1.29594
-1.26915
-1.26252
-1.59454
1.44743
-1.5919
-1.28801
-1.26357
-1.27647
-1.28245
-1.29537
-1.26492
-1.3597
-1.33705
-1.32082
-1.27425
-1.303
-1.27504
-1.25818
-1.27512
-1.42028
1.18814
-1.5729
-1.26955
-1.27898
-1.2811
-1.28245
-1.28351
-1.33705
-1.2925
-1.31347
-1.27063
-1.30663
-1.2701
-0.829272
-1.13334
-1.28111
-1.64359
1.23373
-1.50153
-1.28017
-1.27958
-1.27966
-1.27498
-1.32582
-1.61838
-2.32395
-2.53087
-2.6359
-2.7099
-1.27164
-1.28474
-1.30705
-1.27521
-1.5385
1.24169
-1.57359
-1.27599
-1.27371
-1.2626
-1.28162
-1.287
-1.27934
-1.2723
-1.3633
-1.30868
-1.28956
-1.28568
-1.3066
-1.27303
-1.2869
-1.53411
1.20766
-1.64229
-1.26894
-1.25113
-1.27536
-1.27776
-1.32035
-1.29985
-1.3597
-1.26492
-2.92623
2.92292
-1.45137
-0.911839
-1.21015
-1.24999
-1.56105
1.18242
-1.52828
-1.26072
-1.28207
-1.28918
-1.30966
-1.3781
-1.92379
-2.76109
-1.2723
-1.32582
-1.32082
-1.27102
-1.287
-1.26479
-1.27686
-1.65174
1.22158
-1.59253
-1.27982
-1.28134
-1.29511
-1.27425
-1.32582
-1.26492
-1.31347
-1.344
-1.33705
-1.27721
-1.28386
-1.26147
-1.27211
-1.27386
-1.54038
1.19993
-1.62304
-1.29028
-1.30046
-1.27595
-1.3081
-1.2925
-1.27536
-1.32582
-1.3597
-1.29985
-1.29537
-1.2802
-1.282
-1.28066
-1.28181
-1.59935
1.18418
-1.6614
-1.2933
-1.26684
-1.30327
-1.27291
-1.26791
-1.28956
-1.33705
-1.32582
-1.2925
-1.28351
-1.27934
-1.27665
-1.27399
-1.25887
-1.65837
1.17072
-1.64558
-1.27211
-1.30633
-1.27684
-1.25518
-1.27776
-1.30631
-1.31347
-1.3597
-1.31347
-1.2925
-1.287
-1.27904
-1.26269
-1.28612
-1.66831
1.17389
-1.60119
-1.29976
-1.26926
-1.25895
-1.27536
-1.30868
-1.27063
-1.2925
-1.344
-1.28474
-1.28129
-1.27776
-1.25633
-1.27844
-1.28277
-1.64976
1.19274
-1.43678
-1.2738
-1.2583
-1.2731
-1.303
-1.27356
-1.2925
-1.31347
-1.32582
-1.32582
-1.29537
-1.26274
-1.28053
-1.28324
-1.29505
-1.60378
1.45704
-1.63031
-1.5271
-1.27149
-1.30023
-1.2673
-1.29026
-1.27721
-1.28474
-1.3597
-1.27934
-1.28351
-1.28162
-1.2839
-1.29348
-1.26882
-1.43531
1.19679
