0.0136854
0.00489793
0.0146836
0.0146852
0.0154824
0.0140426
0.0151541
0.00108268
0.000614459
0.022474
0.0182297
0.0211576
0.0202958
0.0210207
0.0215624
0.00583764
0.00483463
0.0136769
0.0063057
0.0241726
0.0256342
0.0229486
0.0245978
0.0233719
0.0142258
0.0144415
0.0175541
0.0122455
0.0133578
0.0138288
0.0143567
0.0142745
0.0194047
0.00592686
0.0129999
0.00617465
0.0227013
0.0202904
0.0221944
0.0295702
0.0128599
0.0192907
0.0187955
0.0171481
0.0176462
0.0183042
0.0190158
0.0188825
0.0191516
0.019627
0.0060967
0.0131426
0.00755728
0.024118
0.0266108
0.0272708
0.0146689
0.0232864
0.0229281
0.0166961
0.0178961
0.0193786
0.01898
0.0186814
0.0248126
0.0253936
0.0253519
0.00694831
0.0133073
0.00566222
0.0198555
0.0202381
0.0198313
0.0179531
0.0161497
0.0200591
0.0190645
0.0177968
0.0231228
0.0243965
0.0163481
0.016861
0.0168375
0.017392
0.00630352
0.0131734
0.00845848
0.0418794
0.0208204
0.0295052
0.0302387
0.0236364
0.0237266
0.0158324
0.0196451
0.0156818
0.0268705
0.0312502
0.0294302
0.0302417
0.033005
0.00756939
0.0132107
0.00602633
0.0181344
0.0164825
0.0156196
0.0164113
0.0152484
0.0113151
0.0165272
0.0230151
0.0142394
0.0137344
0.0145891
0.0149117
0.0168736
0.0153238
0.00577961
0.0133943
0.0101691
0.0393084
0.038388
0.0356581
0.0350734
0.0388681
0.0447452
0.0168374
0.0284277
0.0372847
0.0365448
0.0383124
0.0384602
0.0355544
0.0405604
0.0102635
0.0137179
0.00588458
0.0169663
0.0169137
0.0162104
0.0160386
0.0153123
0.0192143
0.0184387
0.0194624
0.0178284
0.0186605
0.0206671
0.0190174
0.0215632
0.0226112
0.00649945
0.0135041
0.00599852
0.0198202
0.018997
0.0189074
0.0188626
0.0181434
0.0241205
0.0200501
0.0169221
0.0155017
0.0202921
0.016462
0.0192283
0.0198613
0.0140583
0.00596675
0.0131284
0.00726003
0.0264877
0.0266069
0.0264129
0.0256516
0.0179889
0.0186645
0.018864
0.0217407
0.0193838
0.0278584
0.0268212
0.027866
0.0312288
0.0273878
0.00722459
0.0132725
0.00586679
0.0183138
0.0181324
0.0178596
0.0291354
0.0285271
0.0264033
0.0210632
0.0283904
0.0155511
0.019243
0.0251711
0.0144289
0.0182688
0.0182145
0.00595345
0.0131747
0.00779194
0.0302433
0.0293764
0.0168164
0.0168746
0.0166284
0.0175409
0.0152818
0.0236974
0.0238966
0.00208925
0.00502996
0.0324617
0.0312537
0.0319075
0.00786931
0.013197
0.00565973
0.0168505
0.0267979
0.0266895
0.02578
0.0250468
0.0288026
0.0203492
0.0200858
0.0174511
0.016128
0.0170067
0.0172356
0.0170294
0.0170756
0.00562518
0.0131934
0.00700714
0.00554504
0.0171268
0.0165547
0.0166311
0.0172281
0.0164647
0.0167357
0.000999947
0.00124953
0.0276481
0.025007
0.0270067
0.0262892
0.0273
0.00717928
0.0131881
