2.90037
-0.228369
-2.92518
-2.93669
-2.94051
-2.91875
-2.9527
-2.89661
0.248372
-2.89661
-2.90605
-2.90861
-2.90129
-2.90024
-2.8978
-2.92345
-0.231243
2.90422
-2.91227
0.183657
0.179853
0.199082
0.165149
0.380506
-2.96565
-2.89661
-2.91812
-2.92168
-2.92546
-2.92535
-2.92173
-2.93018
-2.84333
-2.8813
2.87441
-2.91998
-2.92469
-2.90323
-2.94068
-2.9416
0.151692
-2.89661
-2.91479
-2.81984
-2.83354
-2.84309
-2.848
-2.85758
-2.8937
-2.902
-2.90487
2.85895
-2.92307
-2.89718
-2.93247
-2.94241
-2.94226
-2.89661
-2.89661
-2.89661
-2.88641
-2.90106
-2.90024
-2.90474
-2.89595
-2.90329
-2.90067
-2.91654
2.88459
-2.90093
-2.9321
-2.94094
-2.94353
-2.90548
-2.90535
-2.89661
-2.89661
-2.89661
-2.89201
-2.90687
-2.89476
-2.8988
-2.89824
-2.91023
-2.92188
2.8355
-2.93828
-2.9448
-2.94784
-2.90707
-2.90393
-2.91137
-2.88792
-2.9105
-2.89661
-2.90605
-2.90605
-2.91021
-2.91128
-2.92252
-2.92779
-2.90929
2.90735
-2.91594
-2.8998
-2.83492
-2.83492
-2.83266
-2.80492
-2.87534
-2.89661
-2.90474
-2.89661
-2.86329
-2.84686
-2.86421
-2.8669
-2.8479
-2.91057
2.92263
-2.94901
-2.90955
-2.90707
-2.90898
-2.90209
-2.90376
-2.88641
-2.84309
-2.81984
-2.90605
-2.9105
-2.9211
-2.92319
-2.90333
-2.9392
-2.94783
0.198056
-2.87893
-2.84514
-2.84753
-2.83916
-2.84453
-2.87065
-2.87534
-2.84309
-2.81984
-2.86329
-2.90376
-2.89984
-2.88244
-2.91672
-2.92923
-2.92875
0.24576
-2.88608
-2.88509
-2.88243
-2.88565
-2.88488
-2.89661
-2.91195
-2.89661
-2.86329
-2.87534
-2.79857
-2.81984
-2.85119
-2.85294
-2.0437
-2.87548
2.86414
-2.91798
-2.91038
-2.9135
-2.90996
-2.91443
-2.88904
-2.89161
-2.87534
-2.9105
-2.92753
-2.90785
-2.93893
-2.94822
-2.95095
-2.90874
-2.91193
2.84615
-2.90273
-2.89853
-2.89379
-2.90314
-2.89946
-2.90841
-2.89661
-2.92292
-2.86329
-2.89661
-2.93527
-2.93547
-2.93282
-2.90036
-2.89683
-2.90577
2.84
-2.91147
-2.90242
-2.9103
-2.89287
-2.89945
-2.89844
-2.91479
-2.89661
-2.88099
-2.9362
-2.9442
-2.94994
-2.90796
-2.90435
-2.90655
-2.90948
2.84195
-2.90148
-2.90326
-2.89982
-2.90719
-2.90497
-2.9197
-2.9305
-2.90605
-2.9442
-2.90785
-0.165149
-2.90035
-2.89872
-2.90037
-2.89681
-2.90553
2.83825
-2.91557
-2.90016
-2.90164
-2.89971
-2.91146
-2.92028
-2.89201
-2.90785
-2.9442
-2.96174
-2.89661
-2.90393
-2.90677
-2.9031
-2.90592
-2.90781
2.8436
