0.0195642
0.00591946
0.00539227
0.00543067
0.00602548
0.00532573
0.00623971
0.00597618
0.000268409
0.0555068
0.192772
0.1303
0.11636
0.118483
0.118601
0.00923501
0.00598591
0.0195693
0.0102905
0.0789953
0.0894278
0.0789145
0.0986181
0.0334711
0.000448725
0.0127643
0.00601587
0.0054699
0.00525179
0.00532569
0.00544164
0.00538871
0.0234792
0.00699508
0.0181262
0.00730784
0.0292446
0.0257357
0.0296429
0.0296749
0.028142
0.0277367
0.0230346
0.0230443
0.0227165
0.0234162
0.0238529
0.0236478
0.0256248
0.0257313
0.00722851
0.0180394
0.00818417
0.0253284
0.0292937
0.0290242
0.0299961
0.0269965
0.0240884
0.0230541
0.0241106
0.0248637
0.025592
0.0250132
0.0264687
0.0267687
0.0263625
0.00734609
0.0174509
0.00679959
0.0270688
0.0269086
0.0338299
0.024309
0.0235195
0.0221745
0.0230903
0.024099
0.0275311
0.0259748
0.0214668
0.0218644
0.0213692
0.0216774
0.00759371
0.017824
0.0104945
0.0420652
0.0370876
0.0376998
0.0365033
0.0349446
0.0326157
0.0263096
0.0251833
0.0211992
0.0380007
0.0399899
0.0400848
0.0395986
0.0446147
0.0093041
0.0171986
0.00703586
0.0237319
0.0202879
0.0199235
0.0197024
0.019345
0.0205391
0.028344
0.0345748
0.0205269
0.0193008
0.0192024
0.0188793
0.0212268
0.0187209
0.0069546
0.016953
0.0119174
0.0512267
0.0502994
0.0497572
0.0472977
0.0459438
0.0459629
0.0283219
0.028344
0.0425111
0.0428548
0.0448036
0.0510036
0.0446491
0.0520997
0.0118526
0.0164376
0.00683479
0.0209336
0.0208985
0.0205264
0.0205355
0.0215478
0.0221823
0.0251316
0.0263096
0.0240443
0.0239399
0.0272829
0.0242211
0.0280256
0.0280585
0.00743201
0.0181078
0.00707207
0.0248125
0.0242536
0.0247466
0.0248011
0.0239549
0.0339758
0.0325647
0.0263318
0.0221842
0.0253929
0.0218989
0.0250872
0.0251709
0.021426
0.00697438
0.0176878
0.00880479
0.0336704
0.0343115
0.0342748
0.0332415
0.0226098
0.0230997
0.0221745
0.026445
0.0369226
0.0349501
0.0390954
0.0387376
0.0399975
0.0352436
0.00880894
0.0176662
0.00678584
0.0224252
0.0225755
0.0223307
0.0384957
0.0386186
0.0368602
0.0346876
0.0307405
0.0241106
0.0253559
0.0251892
0.0172037
0.0227328
0.0221602
0.00690819
0.0176787
0.0094781
0.0384857
0.0382087
0.0204969
0.0207805
0.020681
0.0202817
0.0252466
0.0283904
0.0394906
0.0400946
0.0200249
0.0416991
0.0410195
0.0407627
0.0094981
0.017762
0.00653346
0.0202622
0.0346539
0.0349953
0.0346053
0.0347406
0.0380552
0.0346465
0.0283219
0.0245824
0.00563309
0.0216145
0.0212228
0.0210324
0.0206196
0.00649595
0.0178788
0.00858745
0.00637931
0.0203393
0.0199278
0.0200229
0.0223536
0.0205733
0.0231065
0.0258112
0.00862282
0.0369409
0.0349535
0.0353684
0.0347072
0.035309
0.00877669
0.0180447
