-2.39974
0.937763
1.09875
1.04947
0.591364
0.870464
0.411065
1.09244
0.91795
-0.0996687
-0.211093
-0.687671
-0.488665
2.6883
-0.163872
0.531442
0.762975
-2.38374
0.413867
-0.824748
-2.26034
-1.44382
-2.39617
-0.354706
-0.205395
1.6421
0.870903
2.32763
2.97674
0.0297252
2.1041
3.02469
0.733772
0.751182
-2.37447
0.428048
-2.15177
-1.55609
-2.37747
-0.858439
-0.635027
3.14159
1.5708
2.7886
3.02768
0.0311255
2.70016
3.12644
0.620249
0.664774
0.775746
-2.34797
0.844341
0.818719
0.759763
0.674741
0.588003
0.418224
0.463648
0.358771
-0.197396
0.785398
0.380506
-2.35619
1.19029
0.669639
0.594051
0.760203
-2.36925
0.515231
-2.06945
-1.4317
-1.28474
-2.62834
-2.61138
-3.10631
-3.11199
0.096408
3.14159
-3.04684
2.1451
0.785398
0.580521
0.621901
0.75412
-2.36869
0.513676
-1.38382
-1.43699
-2.46347
-2.4584
-2.96824
-3.02436
0.154449
-3.02524
-2.98805
0.785398
0
0.785398
0.566729
0.71883
0.809203
-2.33468
0.83921
0.785398
0.785398
0.694738
0.620249
0.54042
-2.35619
0.463648
0
0
1.5708
0.785398
0.620249
0.620249
0.647047
0.778862
-2.34363
0.810112
0.785398
0.708626
1.89255
3.14159
0.117109
3.14159
-2.89661
3.14159
1.5708
0.785398
0.463648
0.588003
0.574305
0.635838
0.798731
-2.34989
0.800648
0.825377
2.92292
-2.95848
0.237836
-2.9442
-2.87065
3.14159
1.5708
0
1.10715
0.588003
0.620249
0.602287
0.688924
0.78631
-2.34778
0.821527
0.994421
3.04192
0.321751
-2.9442
-2.79282
3.14159
-2.35619
-2.35619
0
0.785398
0.321751
0.620249
0.635027
0.671963
0.79335
-2.35123
0.818719
1.89255
0.188222
-2.97644
-2.87534
3.14159
3.14159
0
-2.35619
1.5708
0
0.588003
0.610726
0.588003
0.652171
0.772344
-2.36574
0.853542
-0.244979
1.76819
-3.03094
-2.6292
-2.52134
-2.55359
-2.67795
-2.35619
0.785398
0.463648
0.674741
0.558599
0.54042
0.656702
0.777287
-2.40415
0.682692
-2.4582
-2.55648
0.614663
0.620249
0.321751
0
1.5708
-1.5708
-2.35619
-2.67795
-2.67795
-2.67795
-2.62245
-2.52693
0.588441
-2.52877
0.842209
0.696873
0.745419
0.982794
0
2.35619
0
3.14159
-1.5708
0
0
0.463648
0.54042
0.732815
-2.50508
0.799562
-2.33152
0.83367
0.768941
0.626743
0.610726
0.558599
0.54042
0.321751
0.785398
-1.5708
0
-2.35619
3.14159
3.14159
0.218669
2.24554
0.839066
-2.36132
